0.4702366662350765, 0.44261577208838543, 0.47699247674205253, 0.1033217813308862, 0.10049735022828152, 0.07146563049166729, 0.0024266013005426286, 0.005613857959099897, 0.07159911299346858, 0.10810955503656246, 0.0, 0.08571741954708824, 0.13183226833445522, 0.0, 
0.48193756069992577, 0.4504567235889276, 0.45170181772071893, 0.10338407874552447, 0.07382059586398539, 0.07073808249003027, 0.0, 0.003197084775031107, 0.0675426649323402, 0.08832972142938753, 0.0, 0.08102426446297951, 0.1152973064525615, 0.02810685213286952, 
0.3841503999828445, 0.3759279027684733, 0.3757122371455436, 0.04823008016700249, 0.08665001706412187, 0.03331070707855302, 0.0, 0.0, 0.07599164353875597, 0.08465179935879079, 0.0, 0.08477538941606669, 0.093454499025606, 0.010861277699446246, 
0.4541686575359335, 0.3964583723983635, 0.3100704342811057, 0.009016865164568984, 0.07948511873954156, 0.010718299289523881, 0.0, 0.02909238338322301, 0.09329705747627567, 0.06685284151719405, 0.0, 0.08508530280024869, 0.07275506644334907, 0.04791044244075927, 
0.4406369191076392, 0.42481305696163024, 0.31734322055018566, 0.021532752320635503, 0.07466731804223536, 0.003211928790284408, 0.0, 0.03067588924696521, 0.08068986313150411, 0.04951827063576061, 0.0, 0.06653395272423965, 0.052575764951564, 0.0528169132433339, 
0.44545788151474924, 0.4582701752519463, 0.28283846427585685, 0.018801586757980614, 0.09774100319159909, 0.0029586188226248095, 0.0, 0.1968498049957407, 0.09937813469692929, 0.06063756339268429, 0.002832809237301801, 0.11457185045371018, 0.056642351548909314, 0.09096298887504457, 
0.47704506397410185, 0.5316912294717077, 0.21754664667021978, 0.03154225527546749, 0.10427771654074489, 0.00404577496747315, 0.0, 0.3045427841312687, 0.09663500612008577, 0.054612772030117246, 0.009529284963912659, 0.12561184250546625, 0.06625823671460328, 0.042055142931744914, 
0.18374021378780997, 0.185661626764827, 0.04598901751741058, 0.0240265719869441, 0.0700280019776904, 0.00046771583905514877, 0.01185415982613183, 0.12309581596904168, 0.08505676856062397, 0.04463188733098943, 0.020565150628718856, 0.10435285083214482, 0.06258303970923805, 0.04261864726175889, 
0.4819951975841584, 0.4724693443827179, 0.08931735495314097, 0.017122165518759832, 0.07350424503556081, 0.0067743851767094534, 0.0, 0.24828273527461903, 0.08185005619956462, 0.03800909980496672, 0.015216792467506703, 0.08760456466382682, 0.04664560126371975, 0.0223675763567375, 
0.3610762075526648, 0.4420293246887335, 0.08086566045725062, 0.041501137183322635, 0.08752785372249053, 0.005506738350541299, 0.015128024676690634, 0.188500219024304, 0.17350411484802175, 0.044548685729100944, 0.022170332003790323, 0.10149376776835159, 0.04164961545362079, 0.012704531902769406, 
0.3294023408634275, 0.2072980988644335, 0.022731521295403637, 0.05110308151228292, 0.09367760050954486, 0.0032483322001571656, 0.0, 0.06996578747960647, 0.05075655250991627, 0.025888774657390985, 0.017777203214790895, 0.10330770552083152, 0.03444359743810924, 0.013209503646778255, 
0.05350816095769672, 0.11284748557227536, 0.0190165181670191, 0.06890553672957318, 0.08022407520082678, 0.011361047315013037, 0.0, 0.1423019694808967, 0.06024696869104575, 0.02740781279604807, 0.02154422194322076, 0.09651551138207774, 0.01521552792058954, 0.0, 
0.14358716372244532, 0.08980827915043778, 0.010495673128138887, 0.0908841606629462, 0.08587437321363403, 0.014290310851159206, 0.0, 0.2277065221340442, 0.07118675128878642, 0.025304197657300333, 0.025510475025301235, 0.0916945339407951, 0.010262048182576977, 0.0, 
0.21695991296579614, 0.09890608893243438, 0.02761453847953038, 0.11777111942177343, 0.07268782166253185, 0.0007069187845023945, 0.0, 0.14913965948737531, 0.05008502678309949, 0.026817177780464822, 0.018239273607426314, 0.07431671619237153, 0.0064210301252201115, 0.03593144122819947, 
0.09981214805398828, 0.08790106524911276, 0.04032903794437551, 0.25074105129283475, 0.12547617909689096, 0.0008822903110738416, 0.0, 0.15641986614089723, 0.046262379149255614, 0.026352579918817263, 0.026703853639226775, 0.09268605363019317, 0.01270743891103121, 0.04702796911753754, 
0.05521719707232381, 0.08118802686201936, 0.07879998233772853, 0.3547155428052247, 0.20537495975523054, 0.0024879125249509977, 0.0, 0.08299065473820455, 0.03881004553181351, 0.012079591819267875, 0.047865624892396014, 0.11649815357609691, 0.013496888279133827, 0.03415482179509144, 
0.0728946601210179, 0.09733795560449951, 0.02587333464780179, 0.17768349930106117, 0.07441806469787551, 0.0006884530400962155, 0.0, 0.040493241571474395, 0.0518766467817218, 0.023328676884073297, 0.04677011959125144, 0.09594649787567988, 0.006363353566911596, 0.0, 
0.05907169643753524, 0.06353809366891715, 0.04870296783575252, 0.16085647590943486, 0.06190220772307141, 0.0005804013339943906, 0.0, 0.014184112083756749, 0.025626730473834132, 0.019072299015069148, 0.045021674358815524, 0.09344660204681164, 0.00353634670459903, 0.0, 
0.06095394151566217, 0.07068820304560092, 0.08952621792685717, 0.22643078493122784, 0.08154966973064001, 0.000657018825608574, 0.0, 0.015461362215400353, 0.03626660896596365, 0.035775826070594915, 0.04369484383201018, 0.10110664903461895, 0.01247944241229698, 0.0, 
0.04095969359015029, 0.08600982176741359, 0.07712508708306702, 0.16329634553422986, 0.06478493423582124, 0.0, 0.0, 0.00864632476671023, 0.019041062563222855, 0.040513074711565636, 0.05353838818961092, 0.09356057800162788, 0.008019123222753648, 0.0, 
0.13890298664445258, 0.17341820655846688, 0.17530783318089416, 0.20817099250422746, 0.05017613843612401, 0.0, 0.0, 0.01543580391098627, 0.0, 0.046546749597547274, 0.060464976657095555, 0.08087262035121026, 0.005068994374988788, 0.0, 
0.14753733460737875, 0.15440686280124624, 0.1475299200788526, 0.23244408321017065, 0.06646870791646735, 0.0, 0.0, 0.026400328234430892, 0.0045688296624802425, 0.10751568754986203, 0.11083173879389376, 0.1652270801537798, 0.028276736764780083, 0.0, 
0.052572086269221135, 0.1043514036247864, 0.14293737407169882, 0.15967569718137287, 0.04336741280919325, 0.0, 0.0, 0.018221106765735132, 0.0042224401501700206, 0.08640473587543857, 0.13080450323801562, 0.1456844504188886, 0.006663821391828884, 0.0, 
0.035689722628689954, 0.19562986768674087, 0.15244113460496928, 0.1519558604689166, 0.03731010868482039, 0.0, 0.0, 0.020953862882867665, 0.007780479551277852, 0.1129457667811136, 0.22603936561545718, 0.11099632258372395, 0.0043023223773406664, 0.0, 
0.04506538213887592, 0.18595798729261515, 0.12775285992694274, 0.14306096763558318, 0.02149666841158135, 0.0, 0.0, 0.031124847578180435, 0.023188827577006105, 0.14814875426899807, 0.15054665587237973, 0.05355167025757865, 0.0004579162729400379, 0.0, 
0.055545748326835974, 0.16569263158512199, 0.14270363554065185, 0.15151506259761763, 0.022306816123071217, 0.0, 0.0, 0.03641566979697104, 0.030709683083647542, 0.11593638973294434, 0.07841019452871821, 0.07446829161768717, 0.0032010635731571277, 0.0, 
0.07503691611034001, 0.14516534655040592, 0.1798587014467461, 0.15828780086322758, 0.01946852155279206, 0.0, 0.0, 0.030100814779615147, 0.03684657096175496, 0.17191860359124028, 0.09143380436884392, 0.070703463810052, 0.005667994789172462, 0.0, 
0.13366613027283772, 0.19737256892027563, 0.17945147547109788, 0.13090042413079658, 0.013964646307656476, 0.0, 0.0, 0.07845370804669186, 0.05047463068587757, 0.1327604214620801, 0.08721302803393388, 0.08120742354188246, 0.01154706751716363, 0.0, 
0.14869400019686863, 0.21066901961302845, 0.16013210720527607, 0.10906888734581395, 0.006468212060889096, 0.0, 0.0, 0.09133572955233363, 0.04808571470895574, 0.11139261929236433, 0.06267876963416999, 0.04470143880412001, 0.0048494180173788565, 0.0, 
0.22199076737680068, 0.2603747788340828, 0.25536802178029294, 0.11404533522462246, 0.00854427440461412, 0.0, 0.0, 0.15920014003479105, 0.07196980620337079, 0.14616168405399632, 0.0833356876367818, 0.08242205214001012, 0.007764170307856207, 0.0, 
0.34418539003405113, 0.37108534960615885, 0.2812610544098267, 0.09679466202639495, 0.005018317823484936, 0.0, 0.0, 0.059814860660647985, 0.07289067572369197, 0.11125367234589836, 0.05833524405468453, 0.06183604729480806, 0.0, 0.0, 
0.3388514483620628, 0.3833502900813082, 0.19173641815450215, 0.07806270299061528, 0.006323485674998252, 0.0, 0.0, 0.03950827144958424, 0.08361392747915881, 0.10378786950655941, 0.0734462893914754, 0.0699967172646529, 0.0, 0.0, 
0.335813952940035, 0.32493590668472416, 0.15202382000138767, 0.09281617931901416, 0.0076193071580518525, 0.0, 0.0, 0.03674429264344148, 0.11222685451803673, 0.09944257156405037, 0.11117544088654022, 0.09739669327473231, 0.0, 0.0, 
0.42068296660686816, 0.22300279524212002, 0.10264675153710912, 0.06405304615294294, 0.00452552864511429, 0.0, 0.0, 0.04618808165785235, 0.08475578234882604, 0.05111911907328274, 0.049399710943125896, 0.049058952158828786, 0.0, 0.0, 
0.42078526119692344, 0.2126632257924156, 0.12136431266073511, 0.1025935970923683, 0.011878339821920153, 0.0, 0.0, 0.023643157950192548, 0.10697411442308034, 0.07499835453706916, 0.0795148745419774, 0.07906864483925478, 0.0, 0.0, 
0.27153949667047006, 0.19509569620825817, 0.1303073141727518, 0.08469788567777349, 0.00718883247607389, 0.0, 0.0, 0.03600889533985319, 0.09749662464191661, 0.06410349832545172, 0.03860574393130112, 0.05748148081903324, 0.0, 0.022375438534116575, 
0.13966918154184574, 0.14138587687443782, 0.11149691745360507, 0.0661839034239939, 0.004367764139134669, 0.0, 0.0, 0.025097335121367012, 0.08512988711627047, 0.05463726311204987, 0.02000955764234961, 0.03273195396384467, 0.0, 0.10156619188963589, 
0.14244087207158232, 0.13337116312013592, 0.1118324475471554, 0.07445193131535212, 0.011478664799203635, 0.0, 0.0, 0.04145430884923807, 0.09009778135857999, 0.05177039286579874, 0.03138704346759766, 0.03793634927689756, 0.08551423121849389, 0.23857756107446176, 
0.14476684540581977, 0.1292174244196936, 0.0986855387100959, 0.0745002665026888, 0.01570410364377787, 0.0, 0.0, 0.02781899104121334, 0.08312244789963916, 0.05017414407331009, 0.021478427999899102, 0.055631279153084995, 0.17312867661424433, 0.2775475866543126, 
0.11917859427580871, 0.09913325029509897, 0.04571621504431325, 0.024494564992691103, 0.00868102322633886, 0.0, 0.0, 0.006554721184743092, 0.034323392886947086, 0.04237397213386064, 0.00640062022877322, 0.12056122498599697, 0.25397923150080226, 0.3456094162575611, 
0.16597373727049902, 0.1323053592357656, 0.07656636054756426, 0.03401963899334553, 0.005234184596731914, 0.0, 0.01421708215130586, 0.04463721002839441, 0.050702365194969554, 0.06836544842500074, 0.008460431385993582, 0.1264433023719012, 0.20363787369463401, 0.2881525084712568, 
0.18700273349643473, 0.12096700508919589, 0.0768443688962298, 0.01665446816025788, 0.0, 0.0015247668446930743, 0.14522233130527656, 0.01916374209183051, 0.021720028369949972, 0.06396054305542491, 0.02877962373887464, 0.20435174337645118, 0.2305118795691512, 0.3741022519819653, 
0.17252734612267057, 0.104504168780615, 0.04092103895279662, 0.02331126415750475, 0.012276008940330256, 0.0, 0.13731230750651777, 0.036595301353127274, 0.019676683189332318, 0.06892095437301535, 0.006635599224165295, 0.015381933848627273, 0.04413945123568959, 0.019389474703995435, 
0.13704422809478883, 0.054775078790512244, 0.028285750344615175, 0.0477346828718509, 0.07794887520497178, 0.20985568400517526, 0.3038515500583315, 0.015910030510828965, 0.011881068134729523, 0.13304174940207725, 0.17874923494698694, 0.07911819668290163, 0.11669601794608078, 0.15311057091386418, 
0.12035592141999762, 0.07294534648815887, 0.033395479876565534, 0.04821563308889938, 0.0490839528091739, 0.008160995044789275, 0.03477427820448901, 0.031254819699042466, 0.00804295896160718, 0.0761291878962234, 0.0024389040622208413, 0.006434649057064954, 0.05977836460254266, 0.06987857485338372, 
0.1242455862278094, 0.07841379640051867, 0.046052211621205555, 0.0495059592323353, 0.06016945616984709, 0.01157975799150444, 0.029005919951413564, 0.12027509813321732, 0.145470398728514, 0.08569727585459942, 0.006163037737825506, 0.018389452854333303, 0.04424892288152652, 0.002720210828364305, 
0.10296533564555177, 0.07337848387719244, 0.03483327374715041, 0.11276617324148844, 0.13717905802265365, 0.1333735913106605, 0.18827625185531469, 0.16979975529049993, 0.09185172677756301, 0.08157142221057577, 0.029201854155166605, 0.030470485675442832, 0.06029731323462553, 0.010034688469623056, 
0.08110990687626407, 0.0823747605596474, 0.034447855771919784, 0.10897154153905479, 0.18459173820182614, 0.20197549951312077, 0.10271862735824566, 0.2774849925166604, 0.1207617277801625, 0.08871128477797632, 0.0652838451065487, 0.07754887672429367, 0.08078558655233428, 0.030800140347977283, 
0.08203301361191653, 0.07743077079059957, 0.026577682887644873, 0.0715504072767574, 0.08314911626361028, 0.0429258475689345, 0.0, 0.35901501192849783, 0.18742186344775658, 0.07229193859925816, 0.05185505222633786, 0.04070856373125939, 0.04052345545116268, 0.01781353714579815, 
0.05678926586491485, 0.07422234159961538, 0.027207783155655564, 0.09133839056862768, 0.08834975060167491, 0.009578891679761899, 0.0, 0.30992368759915195, 0.12167609081142255, 0.05975959963222713, 0.06489804804510411, 0.04981128526468136, 0.05314327427390739, 0.019996608437016172, 
0.0721133890858319, 0.0730019010283697, 0.018949824558226434, 0.06657591170697415, 0.0708735408063156, 0.0019807501979976464, 0.0, 0.4515116469039787, 0.2482099315794199, 0.09768023897958782, 0.06434023402156662, 0.030528526046465852, 0.020305922724418203, 0.01792176758511646, 
0.049669770873791916, 0.07088349782287592, 0.007712113949593395, 0.0618202330177785, 0.04733331687818818, 0.0, 0.0, 0.5352741295994738, 0.3615190337784863, 0.17219895427147064, 0.09446684353434573, 0.027095968826235474, 0.03739930739969852, 0.023936135479117365, 
0.03498774350485076, 0.050587313433223646, 0.0006911236995166973, 0.03655114723071903, 0.04865457044391895, 0.004960486233607317, 0.004203957638254248, 0.5166682560291623, 0.32597610984200326, 0.08908701970573382, 0.06817358896524771, 0.0183992718657568, 0.022085476809182086, 0.028599316186733437, 
0.0465188978900484, 0.056954247105045194, 0.0, 0.025217850664866308, 0.045506872637614715, 0.0015224516228280836, 0.0, 0.5378424099129384, 0.40972684746240523, 0.13882691821594226, 0.07220176581759218, 0.014626996034377204, 0.017332781509252933, 0.03343644125159686, 
0.0363293667617439, 0.06179823993635862, 0.01305832472051145, 0.034419386101672805, 0.054864350386448435, 0.0013484463388399172, 0.011093468138630411, 0.5539478503871472, 0.4038330672485026, 0.11003460800116452, 0.10128215038067105, 0.035598114077145075, 0.03258421911466638, 0.03659498064390895, 
0.0316099197074432, 0.075301420344102, 0.02261675231049056, 0.04309752563810805, 0.07232954800912199, 0.02172300177326726, 0.014174974800291201, 0.5320135618579693, 0.33916907019678477, 0.0921428928887548, 0.11895189475114538, 0.08209597095671804, 0.051548681951477375, 0.04508690688747389, 
0.01681715928570845, 0.05607191989452619, 0.0277360179368552, 0.03048210751519144, 0.05855078866153231, 0.012487996170124107, 0.01100975118748675, 0.47114768884893665, 0.20000484455683057, 0.05550026591012861, 0.10214293081614861, 0.07122981310094742, 0.03638973668781205, 0.022223119231601533, 
0.018120424690673716, 0.057142049569458744, 0.035936004832402, 0.04986418133089014, 0.057025172276261735, 0.009661964534633305, 0.022391155321347098, 0.4480910348896783, 0.13403746581135903, 0.0595633768173533, 0.11204219401897914, 0.07820948374289, 0.028764090444986404, 0.0948382550529296, 
0.017906880802669844, 0.0485823873476401, 0.0584564710595228, 0.050291852505429835, 0.06477348015885974, 0.04439842643805811, 0.013260159971198247, 0.3815064274866322, 0.08095251222789385, 0.05879210728256706, 0.11521886505562555, 0.08322063781683252, 0.1043924435465853, 0.33314555190060113, 
0.022349148012020308, 0.046184322214646564, 0.049347719894503074, 0.04704761238158742, 0.14498797794439022, 0.0086329943503261, 0.004017078755116082, 0.2506083809964747, 0.09427870377535566, 0.046825970882598926, 0.09155502548483763, 0.08455886515356927, 0.19498132902584947, 0.433753655281498, 
0.017144061345951044, 0.05557798064411689, 0.020230969310863378, 0.1359666224190413, 0.3148989167493198, 0.06154445255051806, 0.0038435870075470492, 0.1090523210267526, 0.10474754214554098, 0.037936788163954106, 0.0798675383132259, 0.17938978433219865, 0.28505316435150463, 0.3816264528710799, 
0.0768054915925303, 0.03936177003614419, 0.0076544902358174505, 0.29155377733005555, 0.2181067333550234, 0.05286694773640926, 0.007548147022514864, 0.09973795187373469, 0.1230773732060586, 0.024298399083258426, 0.07467642499856526, 0.25202139521555705, 0.3113235475264571, 0.3751088516341971, 
0.016714612771836907, 0.033374734418721054, 0.08853134227378552, 0.30876739556260424, 0.2558569601286953, 0.03271541805621074, 0.019982279788501027, 0.08946854222926955, 0.13395640155013458, 0.05255607082384017, 0.09749630094692228, 0.2582365417183995, 0.33958261657015826, 0.39162365034610325, 
0.009030075361088779, 0.03367593764709075, 0.29329109082643623, 0.3562062023370303, 0.2543146534030173, 0.04046793182807089, 0.020577785312568417, 0.02897059402336134, 0.15298710332119445, 0.046190090706797596, 0.10272214005382753, 0.3603643230990956, 0.4246598581526464, 0.4545802840736789, 
0.005518330945771367, 0.02466952545305954, 0.2849414709893563, 0.2433447399272577, 0.08569575446959843, 0.005822615038360612, 0.0, 0.0387399006731258, 0.12130909683989441, 0.02816022488169385, 0.11141448233637907, 0.2838587190694543, 0.273771896479594, 0.29666953876295254, 
0.0, 0.16316127728656235, 0.30328452230613306, 0.20969232142226002, 0.07652123722913504, 0.05505648465490968, 0.09083525034740857, 0.07060733835705173, 0.15982583665180206, 0.09719532433986432, 0.1325620785610356, 0.28704121706186203, 0.36392178437143824, 0.4301221763705763, 
0.0015242111504952444, 0.0, 0.009631417423313412, 0.09483465681443644, 0.16830353280529703, 0.04971533684548836, 0.07519671926338337, 0.1945813214917314, 0.014143789573275736, 0.04780616168252159, 0.0935940288492349, 0.11620844485911459, 0.04571279001797534, 0.0858198741029591, 
0.0, 0.0, 0.01661934211281769, 0.10141843822014743, 0.17984477788911296, 0.11555518908985254, 0.22397443700722613, 0.18308748560167679, 0.033231681442068735, 0.04062549337434756, 0.060799043088028366, 0.060940153314530954, 0.05379435393533197, 0.11734323334923884, 
0.0, 0.0, 0.022148517037697348, 0.07878913802907284, 0.09456847381947099, 0.16517322991485475, 0.20582187189365317, 0.1421667513155799, 0.03312685321464831, 0.035294317227484946, 0.04491231868921998, 0.031926686094251304, 0.012144729470137006, 0.042996537294985857, 
0.0, 0.0, 0.03942156990872528, 0.09834001463397829, 0.1379822295957201, 0.051048451088297676, 0.03215056181336652, 0.16238614385875166, 0.02698462418073138, 0.0597075095170653, 0.05660486527562529, 0.033973966924654216, 0.015661792898162795, 0.02729646957821811, 
0.0032228455314766615, 0.0, 0.045409037342901575, 0.09254710763558543, 0.16900687504473483, 0.1681068641938769, 0.20984669478422216, 0.178935077787697, 0.029278606094415256, 0.04709210561029813, 0.03282838836488983, 0.04403461980863995, 0.0832513773287862, 0.16277599555883332, 
0.005021537419835515, 0.0, 0.06387550508761136, 0.10360011085486222, 0.1662754806528097, 0.15109767924243417, 0.2572248138603558, 0.1993781416816593, 0.04202520498073993, 0.04744058625063681, 0.03178795624120403, 0.03913797407108113, 0.07739018727428332, 0.21988236340719217, 
0.005093384025108928, 0.0, 0.060110699801654274, 0.07024281833144908, 0.1621235755851377, 0.1932763399169626, 0.35109159184616623, 0.11572583449449164, 0.02431543350224409, 0.053334430013902825, 0.0286809583876367, 0.08474741464795042, 0.19765946488193653, 0.26942113297124615, 
0.006554296243428539, 0.0, 0.07825932504404452, 0.06942933929024042, 0.16095994191783414, 0.15635457481282886, 0.30364198111680846, 0.20972748300535765, 0.07919131796427137, 0.07696683697552137, 0.02804830133364457, 0.027765764671240804, 0.0632454924787409, 0.28360056188135135, 
0.003232267694726989, 0.0, 0.07683646405451, 0.06697709551244715, 0.148015837318289, 0.08139862069656661, 0.2464432776596071, 0.21990060673482775, 0.0963119743188004, 0.07954607952915782, 0.028645280448994857, 0.030108771492244755, 0.04378474744797026, 0.2784277750080737, 
0.0031560894668792457, 0.0, 0.07843539886456323, 0.05341230391012598, 0.1590217710456731, 0.087573824429431, 0.24374966604912546, 0.27010887961338137, 0.0953763186229584, 0.08426978504971791, 0.027116261087837476, 0.037710140482957226, 0.020751241655056665, 0.28122479526320965, 
0.0, 0.0, 0.06749242689469295, 0.053052093187423946, 0.13887164661749227, 0.025365738681787105, 0.29539797485852465, 0.33825434161911994, 0.110360616988018, 0.0874181821350554, 0.0340682177988293, 0.038043842056877136, 0.0004556070297706026, 0.16196122379103287, 
0.0, 0.0, 0.07421318339562846, 0.057040294755026304, 0.16252181513996122, 0.04587953754745519, 0.26470515401411604, 0.3097365483186319, 0.1376406631067372, 0.09158655341065688, 0.031742526037798556, 0.03989512473228573, 0.003285184316063979, 0.24923106884367113, 
0.0, 0.0, 0.06453198140691493, 0.04977547024340473, 0.1604959192670339, 0.02299182398458221, 0.23855461204650447, 0.37509524399867256, 0.20143263139180453, 0.09535008645341672, 0.04275036979917478, 0.039382455074094616, 0.0023528322496130967, 0.034065176287033865, 
0.0, 0.0, 0.05708550222573919, 0.04486641402981714, 0.13588279368406594, 0.007255965506175605, 0.16996603061023557, 0.3551373641479088, 0.18878612398266023, 0.0769978420596855, 0.03878852084873705, 0.04216747167225092, 0.003369418776031634, 0.031800995432114496, 
0.0, 0.0, 0.06994950818754388, 0.06485580830239981, 0.14616855969835676, 0.008733485398862283, 0.06569372836947489, 0.36710011800870423, 0.2343808017489958, 0.10287526705470033, 0.05228104782094552, 0.045264308106525986, 0.0036556494369153624, 0.0, 
0.001538417060734742, 0.0, 0.07766811809051088, 0.04756153555966858, 0.12737503216791002, 0.00738180171559479, 0.0016202731916443655, 0.23578240312028298, 0.1959839694961015, 0.102714629691521, 0.04485295464962894, 0.049352472850226196, 0.0035999326468730613, 0.0, 
0.0, 0.0, 0.07801386046909528, 0.12327970784982098, 0.14089569801349633, 0.007000081393577096, 0.0, 0.24534966970578884, 0.3042103342489944, 0.13408693960450474, 0.0519140397737663, 0.04966498641778075, 0.003635639769261628, 0.0, 
0.0, 0.0, 0.07565347988749731, 0.07781049540157492, 0.15533480049341, 0.007415824304723186, 0.0, 0.13817970822333184, 0.19419317664979965, 0.12650937602096732, 0.06180309290352606, 0.04661776364772116, 0.003254826136295887, 0.0, 
0.0, 0.0, 0.09790250035237649, 0.13598752069634107, 0.15827188303173245, 0.006572517191601328, 0.0, 0.09471181239398666, 0.19043104050334392, 0.14233452251239054, 0.058046665165854744, 0.027803563401777996, 0.0006442393195215918, 0.0, 
0.0, 0.0, 0.0754171861245275, 0.06195729325088943, 0.13036432248936597, 0.0013705574858891337, 0.0, 0.06686893101584518, 0.16108266825606687, 0.13432908955271353, 0.056133114686043956, 0.03554090907320037, 0.0004976761197619796, 0.0, 
0.0, 0.0, 0.07760912817937989, 0.06132486304580319, 0.13091752343701504, 0.0011536551754771688, 0.0, 0.08153351244963877, 0.16779617173955733, 0.12134208597669441, 0.04508687880830339, 0.02931273582505128, 0.0, 0.0, 
0.0, 0.0, 0.10551301502090568, 0.0897973096941843, 0.1150224431774802, 0.0011026839597640414, 0.0, 0.16220284245681246, 0.319939043106394, 0.20262507933710328, 0.04732940084323221, 0.03195868344478169, 0.0, 0.0, 
0.0, 0.0, 0.10495845342295243, 0.11384441123417761, 0.1291571713359388, 0.0009630720356775973, 0.0, 0.07870519203220529, 0.21395076378895286, 0.16399007189670817, 0.031693854244188586, 0.023033136365733592, 0.0, 0.0, 
0.0, 0.0, 0.12520616454659, 0.20014888046745766, 0.1790402552889654, 0.0, 0.0, 0.05316950473401158, 0.1992217129106956, 0.2121086850615563, 0.04572095177686215, 0.01814535392669769, 0.0, 0.0, 
0.0, 0.0016082660342544353, 0.1902832315813478, 0.2141257530708608, 0.14876686463850045, 0.0, 0.0, 0.06363450669251149, 0.24325268113077578, 0.22575900839114252, 0.04621602820778216, 0.013867695417798016, 0.0, 0.0, 
0.0, 0.007291784318642819, 0.1519460947559042, 0.17016649500749673, 0.15441272729731143, 0.0, 0.0, 0.052736037063684994, 0.21803250807251767, 0.21393855606182147, 0.034999802018833924, 0.02328454664518474, 0.0, 0.0, 
0.0, 0.010789450377749987, 0.1663174208770044, 0.19541432056719496, 0.14406385577303576, 0.0, 0.0, 0.07855463184933129, 0.2662872050906833, 0.24269833718541256, 0.035816207507893966, 0.012613229761914068, 0.0, 0.0, 
0.0, 0.01900784976367966, 0.148475379718546, 0.18883432744506753, 0.14865828240382653, 0.0, 0.0, 0.20547423278490476, 0.3787355885538911, 0.2488020718147194, 0.022168129280754196, 0.008011508498406913, 0.0, 0.0, 
0.0, 0.03489978017046487, 0.1883721418712799, 0.2456738708579853, 0.1322282553620225, 0.0, 0.0, 0.07187587966952762, 0.3424866623044218, 0.3288155418375001, 0.06734488716259454, 0.007924049202438053, 0.0, 0.0, 
0.0, 0.036715280051455704, 0.17903718654876996, 0.2254595826894789, 0.10052824760824794, 0.0, 0.0, 0.0030750423393636223, 0.16593848181874707, 0.22928193159594235, 0.0459479901133862, 0.003818812485260882, 0.0, 0.0, 
0.0, 0.05726338318029989, 0.16849712697775457, 0.14056433153775755, 0.07262959500318691, 0.0, 0.0, 0.010592172173031211, 0.22090095558479825, 0.27035349280288695, 0.033369772006545076, 0.0, 0.0, 0.0, 
0.0, 0.08027863621383738, 0.1765647369267871, 0.1469947567251819, 0.06300316073746133, 0.0, 0.0, 0.01607919910019428, 0.25249255209084753, 0.29769781251265814, 0.042069387806541104, 0.0, 0.0, 0.0, 
0.00021822642106702355, 0.07305675489089944, 0.1821456170366096, 0.18765978341109352, 0.06904724040563134, 0.0, 0.0, 0.008804840110942293, 0.20658544365230513, 0.24578963940024842, 0.044669540077398734, 0.0, 0.0, 0.0, 
0.0, 0.059925857545864034, 0.1759123751806395, 0.15823632238723462, 0.058324283465553545, 0.0, 0.0, 0.0007942529618714255, 0.20202000351341526, 0.2621034339318615, 0.04393843450539788, 0.0, 0.0, 0.0, 
0.0, 0.06873273027592877, 0.1769301671050087, 0.16748283071598452, 0.056707603514281835, 0.0, 0.0, 0.002364943417692956, 0.18762317634106704, 0.22056413087820514, 0.028334056491217473, 0.0, 0.0, 0.0, 
0.0, 0.07207605276969184, 0.1836470747806768, 0.18649529848512283, 0.034633389116700226, 0.0, 0.0, 0.0007484579309827112, 0.18721907530825418, 0.252158520625585, 0.044144493160392664, 0.0, 0.0, 0.0, 
0.0, 0.06115222485214081, 0.17673860513386874, 0.2015108069288807, 0.025367567211946412, 0.0, 0.0, 0.0006879736871702543, 0.16048672220232885, 0.24237499594350323, 0.02999010323763528, 0.0, 0.0, 0.0, 
0.0, 0.057182724589282655, 0.1734898537891007, 0.18397753023834068, 0.015643808330154385, 0.0, 0.0, 0.0, 0.08919455116068616, 0.22953201405267393, 0.04530769543776082, 0.0, 0.0, 0.0, 
0.0, 0.048312186253272715, 0.16299748435493017, 0.15595538313499105, 0.007239926499175767, 0.0, 0.0, 0.0, 0.13709901909305863, 0.225136515279234, 0.036507513521335605, 0.0, 0.0, 0.0, 
0.0, 0.05532102990753883, 0.183496063449358, 0.1907788664327943, 0.003892730355298784, 0.0, 0.0, 0.0, 0.15046333348513244, 0.2681403635119326, 0.07373995391675052, 0.0, 0.0, 0.0, 
0.0, 0.0693784301594919, 0.21494446973829825, 0.19873895946163056, 0.0029349086942771297, 0.0, 0.0, 0.0, 0.12434342262544042, 0.20381067206580555, 0.04949569279996593, 0.0, 0.0, 0.0, 
0.0, 0.030246917058390783, 0.2169506574111023, 0.18046779292224116, 0.0, 0.0, 0.0, 0.0, 0.07070961158100739, 0.20057556362761922, 0.0675317208519921, 0.0, 0.0, 0.0, 
0.0, 0.036221055289252374, 0.22933321623234718, 0.19873141797478722, 0.0013620200953663592, 0.0, 0.0, 0.0, 0.012455700037102188, 0.13437297534461207, 0.07849781296009731, 0.0, 0.0, 0.0, 
0.0, 0.05660104534301895, 0.2471199128358704, 0.20025323190394784, 0.0, 0.0, 0.0, 0.0, 0.04992307155120073, 0.15798315067667357, 0.0844478784174995, 0.0, 0.0, 0.0, 
0.0, 0.06825262534530487, 0.30309332835362124, 0.21259693846505123, 0.0, 0.0, 0.0, 0.0, 0.08305554380391025, 0.22647828764969588, 0.16009960821969005, 0.0, 0.0, 0.0, 
0.0, 0.06187611850214399, 0.33773119232304255, 0.28899198256097725, 0.001457123092382, 0.0, 0.02680558311831774, 0.00045494617806473816, 0.09335543121991005, 0.25192157014197514, 0.2442422378087495, 0.02385395629944753, 0.0, 0.0, 
0.0, 0.007636309633488976, 0.2672469653327385, 0.24020139087699555, 0.0016256161483749084, 0.0, 0.022845729178420718, 0.0, 0.04304969215280383, 0.19729694996063715, 0.17925708554869632, 0.011493065817448809, 0.0, 0.0, 
0.0, 0.06352604225829242, 0.3616494299516214, 0.2914567605232436, 0.0073572300039242665, 0.0, 0.030038096998016295, 0.0, 0.06664866734586335, 0.25878781171585735, 0.2653724653213266, 0.021484894935920828, 0.0, 0.0, 
0.0, 0.0004451286888677294, 0.2602532749854472, 0.24761323103696625, 0.015823852770542886, 0.0, 0.021442201377742803, 0.0, 0.0004347097568110947, 0.13949649712973014, 0.14836871801383142, 0.01909939467253282, 0.0, 0.0, 
0.0, 0.01733887016637123, 0.31063219225792627, 0.21972535856605846, 0.01553730378781216, 0.0, 0.030423595717772513, 0.0, 0.027736837606442244, 0.18453130199533235, 0.1934743662536955, 0.022277334653875488, 0.0, 0.0, 
0.0, 0.019913408755634514, 0.2540366908300303, 0.21245467822512257, 0.01910504816681706, 0.0, 0.014374453833144975, 0.0, 0.006703789047008583, 0.14817816281845264, 0.17420263476077008, 0.027037150294599913, 0.0, 0.0, 
0.0, 0.0070188736048828505, 0.20669846670058312, 0.22944891483870186, 0.03756202307542755, 0.00515436908168801, 0.08115735532790751, 0.0, 0.001491767508961571, 0.09731421030049255, 0.1300199211637663, 0.017133883710040196, 0.0, 0.0, 
0.0, 0.010370063770898778, 0.17432138134326236, 0.22513379146818147, 0.04753135456832647, 0.01640721246360744, 0.00592457543834982, 0.0016987411519426613, 0.0, 0.043937409563842844, 0.11559209132806675, 0.04395656196821253, 0.014527530326952368, 0.0, 
0.0, 0.009651621905271912, 0.15049985016145845, 0.2350722244153573, 0.04986905775934208, 0.0501954345749765, 0.000475452616817289, 0.0, 0.0, 0.0180659610898119, 0.07640216720675497, 0.03506381022891307, 0.04426291630558619, 0.13311939276637064, 
0.004743446788959863, 0.05554212918533554, 0.20537246173201743, 0.2211891949851766, 0.06293020037330753, 0.0408602168201124, 0.0, 0.0, 0.0004636571184194625, 0.043374754121690645, 0.09094143230604579, 0.06773811187198599, 0.13255270087649992, 0.1281009582256046, 
0.0033163352969800028, 0.03342385624401954, 0.17449602451131627, 0.2528574575076063, 0.17490841273624294, 0.03825294902679294, 0.0, 0.013454423268227926, 0.00044080832575582054, 0.04148258266116907, 0.10674770778334784, 0.1798976010349905, 0.18674309579539625, 0.14614469683879167, 
0.014968628236292206, 0.03960272190847256, 0.15352655917877428, 0.23740716854554328, 0.18940132674243176, 0.01660383998958447, 0.0, 0.0342747046522408, 0.03150201577275184, 0.043083949902666, 0.0824867747959231, 0.09069632755273012, 0.05806735881098622, 0.00045423230972793703, 
0.0, 0.04217651729324615, 0.11815232605569477, 0.22615957667151373, 0.22794493572623148, 0.0, 0.0, 0.021193123312446917, 0.007546629720392446, 0.018646551344030503, 0.07357503818466801, 0.14918414805562796, 0.1858507965644795, 0.016479162886374125, 
0.0, 0.02206817962582807, 0.06044753341854848, 0.16762398177604101, 0.12164776341972494, 0.0, 0.0, 0.04018648254209406, 0.0, 0.004864359492010506, 0.06253436620531726, 0.07311714102690867, 0.02903265043988526, 0.0, 
0.0, 0.04120187509498348, 0.06542612151757307, 0.2320322997365472, 0.12911605120434116, 0.0, 0.0, 0.0361546390852258, 0.0, 0.007815223687290646, 0.08681218268771917, 0.15370036102373869, 0.057347398083010856, 0.0, 
0.004932696483753696, 0.05734117339243166, 0.07273631833605428, 0.2052611411094922, 0.06330269714445352, 0.0, 0.0036292339713217513, 0.053651277457785015, 0.0062726949514283125, 0.0, 0.08215066765505781, 0.07835289322985162, 0.0010716894276007712, 0.0, 
0.010188472952051001, 0.07713915306700522, 0.10389807834182263, 0.23756722230862085, 0.06852628822466611, 0.0, 0.0, 0.05955282597029234, 0.021818542576018746, 0.0, 0.0789525421674257, 0.09195543684163707, 0.0004570674669270845, 0.0, 
0.022642477362204767, 0.09650377083995389, 0.12669226592138208, 0.2129167834059652, 0.07682917193159425, 0.0, 0.0, 0.059213816028016196, 0.022445024982361395, 0.0, 0.10551502705165759, 0.17042800248400253, 0.002872515492767607, 0.0, 
0.020105552462755062, 0.07387030389256898, 0.11113526229928208, 0.08347993386305762, 0.06105533333782383, 0.0005166084310154169, 0.0, 0.06282975530091357, 0.0014169500412418439, 0.0, 0.0575361457440299, 0.1206502407931071, 0.007927251641656946, 0.0, 
0.03455098916861267, 0.11306128231525195, 0.15159716380209878, 0.06939211126896092, 0.07443884098638849, 0.002345568627864347, 0.015968596948708003, 0.0679317607263247, 0.0033164888803498957, 0.0, 0.05347203422038516, 0.14142001558754277, 0.015610074673077361, 0.0, 
0.018670178934875017, 0.09328790071066839, 0.11676444789675326, 0.025550145747670956, 0.07529831712755804, 0.002360077233096704, 0.017797107305422756, 0.0593450325134104, 0.0, 0.0, 0.03878525065110881, 0.10459367197786117, 0.014059922955932946, 0.0, 
0.07025210905014417, 0.11710784159074566, 0.12396558656810953, 0.023986062970577607, 0.09742728829227183, 0.010074264962670923, 0.04022937799880799, 0.012070322539012992, 0.0, 0.0, 0.030235276994256904, 0.11441558354672028, 0.04274178650121935, 0.07093297521626837, 
0.08822012516322378, 0.13213856623924142, 0.09484804637861002, 0.009548979333665338, 0.08040706003442608, 0.01033256809323291, 0.02822981180089002, 0.0, 0.0, 0.0, 0.02628418601105158, 0.10610613330861472, 0.03452315048988513, 0.13643897858361298, 
0.10714087174009622, 0.1769172452195845, 0.08105746728776043, 0.0055195981893433185, 0.09953159016201618, 0.006412137566109205, 0.02938281330596682, 0.0, 0.0, 0.0, 0.016735930360577654, 0.09490796365777664, 0.045420862165407805, 0.22268371085300928, 
0.10810375512262918, 0.22195457054005724, 0.06806453170224469, 0.0036708614803854776, 0.10591683507983546, 0.021184976572245093, 0.022980079699574975, 0.00324190276859458, 0.0, 0.0, 0.011348732218973472, 0.1230897884992878, 0.08701322958181357, 0.2837819425131927, 
0.07669314303336794, 0.17085660530384844, 0.04168297379731414, 0.0008793597328273368, 0.06907437339682619, 0.010427298325773481, 0.018077192266397153, 0.0, 0.0, 0.0, 0.002528760238126814, 0.07349422442404942, 0.15660482557910757, 0.31846894249612134, 
0.05246848879348572, 0.16475631403032823, 0.03433764873578061, 0.0, 0.07144322055980193, 0.00945196324931701, 0.013305562853127067, 0.0, 0.0, 0.0, 0.0, 0.07475528264412767, 0.22964718777176707, 0.2927519296253132, 
0.037876047383877065, 0.15120788837913937, 0.03278987607287215, 0.0, 0.04669518598184877, 0.012423505685965142, 0.011222764949874476, 0.0, 0.0, 0.0, 0.0, 0.07131287287445759, 0.32668881777776765, 0.2708218533579164, 
0.06646188431173335, 0.13614579360844212, 0.05173990718853801, 0.0, 0.05011950348927109, 0.02663692701654931, 0.006284130444156891, 0.0, 0.0, 0.0, 0.0, 0.09289914048696478, 0.46394702271946264, 0.28820824344268997, 
0.07629585595566285, 0.09355447990803735, 0.04680206531784182, 0.0015612428712315262, 0.03138625679011181, 0.02185127698183367, 0.0031375169734250757, 0.0, 0.0, 0.0, 0.0, 0.15389270154147067, 0.43420397684915396, 0.23223595028365712, 
0.09715745587330624, 0.11319843086207032, 0.0694730437740611, 0.0032653024172208758, 0.06403666132462363, 0.0696864708722062, 0.040161173221314767, 0.003166648773161053, 0.0, 0.0, 0.0, 0.23253984899469873, 0.47213982618499156, 0.2757988361442887, 
0.11807559775624606, 0.11137322262580461, 0.06844982638566025, 0.005272023718795618, 0.08627159375008353, 0.09730464535534575, 0.03411754238475323, 0.003686090172758655, 0.0, 0.0, 0.0, 0.3253390624903991, 0.5059148289879515, 0.22254989823530316, 
0.10538909366782442, 0.1292126255895346, 0.08079979775437947, 0.014035819711727062, 0.08851357769533291, 0.11648887156308049, 0.0579560856108626, 0.0036685990584784437, 0.0, 0.0, 0.0, 0.37770155998467014, 0.4737395185449253, 0.12344013115669655, 
0.10256689814824933, 0.1378530135097455, 0.09478171445425529, 0.016592501833049177, 0.05779677385868803, 0.11281915422806515, 0.03760919046980618, 0.0032038029574163653, 0.0, 0.0015534526223579574, 0.052248078978953075, 0.4115312962376967, 0.5157560461426028, 0.054736711142273665, 
0.07875774450209663, 0.10612200674632859, 0.08757010215463683, 0.007181314870866457, 0.020656016903322458, 0.08104608428804125, 0.03326785350413564, 0.001544474075786904, 0.0, 0.0, 0.12319240018767519, 0.3610652553981422, 0.32799523797361607, 0.024297649034766087, 
0.08044217634200923, 0.0912727046236492, 0.08653851539034065, 0.004735952393526328, 0.032201680429598784, 0.06589078702528627, 0.02895922219116457, 0.0, 0.0, 0.0, 0.19257309167102027, 0.3229591334013745, 0.21469982657305442, 0.017512873443693434, 
0.04018783234634075, 0.07760529446147131, 0.0771219623240495, 0.009560752940931984, 0.023890606385853407, 0.03401755010206268, 0.027900970907188165, 0.0, 0.005151541017743706, 0.004871353601170413, 0.27598776661650315, 0.3850021364593705, 0.1460021704461416, 0.01537029798483356, 
0.04577577247168854, 0.07589735525265817, 0.10983194625725576, 0.017714257169609227, 0.025659347843566802, 0.045341266027631597, 0.0031294432288601678, 0.0, 0.007948555291351416, 0.036403454176485994, 0.262199962282025, 0.3042934344198286, 0.13881077634289532, 0.02497586413131599, 
0.00684906269612956, 0.08397191470222515, 0.11588340999664928, 0.0042709545892005, 0.007014267551428508, 0.03030926426227775, 0.0, 0.0, 0.009042259300077375, 0.09767357970450762, 0.2661486886222062, 0.17737307891603124, 0.11324524334165431, 0.02677467703956829, 
0.0015914476617994687, 0.07746542008260093, 0.09204180922293588, 0.0, 0.0, 0.02082943542491926, 0.0, 0.0, 0.009081674256371646, 0.16179296282885872, 0.29202684982653987, 0.10341023352723425, 0.10343725492223657, 0.035702697246765974, 
0.0, 0.07952684595033332, 0.0935447613985477, 0.006237340703644879, 0.005921777172655346, 0.03897125868952632, 0.003328978479972401, 0.0, 0.010919603316105893, 0.20609291601084714, 0.2721757394318014, 0.03982767127877961, 0.12973001935300696, 0.04749384635727101, 
0.0, 0.07795858767966689, 0.08443891258723353, 0.004671084334802974, 0.0, 0.022328477939500522, 0.0124360992293219, 0.0, 0.016550311328367824, 0.2692581718665983, 0.2145256216285474, 0.0031773890514665126, 0.08894806873458003, 0.030795443938562022, 
0.0, 0.08560299167842475, 0.08460233392624919, 0.0, 0.018853200138706474, 0.026557620341791432, 0.014991123842077781, 0.0, 0.0793670465763408, 0.305583877887178, 0.14376902021450044, 0.012542815617972087, 0.1430496899461959, 0.05683516045799279, 
0.0, 0.08556432790979607, 0.07056456154603954, 0.005705637219516908, 0.011227751549467403, 0.023673922362229073, 0.033556395349847, 0.003170055603016679, 0.15184957103179036, 0.3736481103519809, 0.08269072913557245, 0.016298886821757157, 0.15662934862433373, 0.05946670550336434, 
0.017147042811680738, 0.09314175690924595, 0.04765195354107804, 0.010425420728521817, 0.0, 0.025483769512266247, 0.03235353242146688, 0.068027968869188, 0.2779860020851493, 0.372736648245078, 0.009298774418979019, 0.020177358109634037, 0.16454198826416558, 0.04800813250779466, 
0.0, 0.06772962421956755, 0.024906792802447043, 0.013846136740892342, 0.0, 0.02798635055483708, 0.02428207736537677, 0.08327328921758748, 0.40404647471755234, 0.26364254452795755, 0.0, 0.028188571264375024, 0.16263867402503293, 0.050573703019651986, 
0.009302758687715643, 0.06572764064214134, 0.01993940174521825, 0.0, 0.0, 0.029138115301683237, 0.02006613968190537, 0.28887623445935484, 0.4753607065703589, 0.1666674646456415, 0.0, 0.043667023761301646, 0.18025871470803018, 0.05553345749384939, 
0.0, 0.036774071853496765, 0.008119525225498175, 0.0, 0.0, 0.013179094097551757, 0.009406909162777203, 0.30611250210552826, 0.4052105188380633, 0.03662754302073617, 0.0, 0.026128293657506678, 0.12012667286738048, 0.032395812821217194, 
0.006427631235263522, 0.06926587720395935, 0.019323618725866406, 0.0, 0.0011261313800242222, 0.03377418177590456, 0.05746087744543612, 0.47693941795126843, 0.432381430733426, 0.011904872396841418, 0.0, 0.051846474078141525, 0.16201892924036143, 0.047558158390444305, 
0.0325013761802641, 0.056207883343314974, 0.0029721761871303364, 0.0, 0.0, 0.023675794116766055, 0.038946548067782166, 0.48482386034550584, 0.22578568166975044, 0.004546296945993563, 0.0, 0.0629597070041272, 0.14037120933340486, 0.03403389471499917, 
0.013884278688640143, 0.060215254829331336, 0.005815072816531054, 0.0, 0.003120962369252797, 0.023764520733284902, 0.04453570286047498, 0.5384731757450139, 0.21017006446373226, 0.012886417270896334, 0.0, 0.07003522341597604, 0.13795293131289227, 0.02429323508730438, 
0.0036040147942950134, 0.04949102823039476, 0.0027296374025878125, 0.0015304276703500578, 0.001127169080425248, 0.01874659360708775, 0.02755803897229661, 0.5443541239153343, 0.11501536930418962, 0.013487517972598312, 0.0, 0.07464155093146818, 0.1476333674525313, 0.021197999018463882, 
0.0, 0.03712648161033766, 0.001320544994183201, 0.0, 0.006302664464641377, 0.026406764853479398, 0.02045586808678658, 0.45351736623307626, 0.028264092725822802, 0.01838303852014927, 0.0, 0.08395654259449646, 0.17434216318493623, 0.031105777976280707, 
0.0, 0.04918129455557481, 0.006938810338174335, 0.0, 0.011165686472839663, 0.028757356552866837, 0.007585873433118976, 0.3455868382036129, 0.029335910798217086, 0.017928674840659412, 0.0, 0.09114465619818679, 0.16685549966079669, 0.02663414545916327, 
0.0, 0.05596346068427159, 0.01085855336450975, 0.005694144169832341, 0.03938335029346911, 0.03890477673979294, 0.04057656491955119, 0.28542127590418803, 0.038436792162905124, 0.020423445047061825, 0.0, 0.09520402847289067, 0.17686401457801912, 0.030907608580265603, 
0.0, 0.029586203977071047, 0.004716039741115713, 0.0, 0.030022408734281567, 0.022908231896612896, 0.004755233489800113, 0.20300465466114556, 0.028668162161802208, 0.01845626832941464, 0.0, 0.07039315177362987, 0.1396099359854428, 0.025910556995052136, 
0.006900145338252686, 0.028405286798147807, 0.007200497502841263, 0.00473504306719854, 0.04365106707946948, 0.06099944401681798, 0.20392686934571091, 0.236295578283932, 0.03129373707436489, 0.02831496770039049, 0.0, 0.09135521802571774, 0.16143769688954349, 0.0571700864470126, 
0.0, 0.012741158275008694, 0.011077559422530688, 0.0, 0.007873644351996249, 0.04148381058879011, 0.05612448991768734, 0.0767788630681035, 0.02848838726865137, 0.026517348430243108, 0.0, 0.09333099991915339, 0.11994648725193528, 0.03893228942053993, 
0.0, 0.015789995831782408, 0.013949888157724853, 0.0, 0.016136746267870324, 0.09836698884005839, 0.25820292482689466, 0.0668237811553607, 0.02894888673118484, 0.02370034636396997, 0.0, 0.10102339483193618, 0.12553157043053764, 0.1401605373362582, 
0.0, 0.009585964504338743, 0.015371677935625966, 0.0, 0.017004101215722087, 0.06262699131433308, 0.40746341471040054, 0.04096355243444502, 0.027770124252365896, 0.026168906063736536, 0.0, 0.0966760980560151, 0.135205557086723, 0.06985188788182889, 
0.0, 0.010008527795843826, 0.02052547903353845, 0.0, 0.041071748982048184, 0.22321467768407094, 0.46970224910238045, 0.07125750494872646, 0.0277856349132808, 0.03106843627486493, 0.0, 0.11159554084477713, 0.14544964752291847, 0.01941294777931674, 
0.0, 0.01985375497829358, 0.02429135919071757, 0.010475180397329894, 0.06663322845338264, 0.153799842136951, 0.560798782354307, 0.03771381848877957, 0.04391704480671524, 0.053298739826081874, 0.0, 0.11800486933781554, 0.18056113499707022, 0.07286449392481906, 
0.0, 0.022544295842897497, 0.04227765106013613, 0.031649134320793554, 0.1669065887037975, 0.2860771005288315, 0.5667356742520829, 0.11514005885668628, 0.04924314695008211, 0.07638400537974122, 0.0015220389034225142, 0.1374359702781185, 0.18770181015030554, 0.022651969653678973, 
0.0, 0.0258326196344604, 0.042008460722437385, 0.03415500689544006, 0.10918878427989262, 0.32344808779565676, 0.5118789919217196, 0.10640689491273744, 0.05375437416389135, 0.08674170437015608, 0.003071308252818385, 0.1463027203663, 0.2060996754802891, 0.09232561632319632, 
0.006258331963188717, 0.0370620648338118, 0.05462411719036652, 0.06003474064397727, 0.27053885281201295, 0.33792553065385045, 0.3125436749957541, 0.10054401127328687, 0.06023359287278305, 0.08908783493994762, 0.00450323826542891, 0.1655662629348673, 0.18884815399639682, 0.009650848851698717, 
0.01434697718986237, 0.03826963268003055, 0.04757972638690467, 0.09298996311180553, 0.2471021531387696, 0.3308299915498257, 0.3185633795754291, 0.10700698968818234, 0.053031776022231615, 0.08606364603485918, 0.013947379762716008, 0.162544929948519, 0.18812658774904786, 0.02288993587970639, 
0.003087252778458542, 0.03889735164171043, 0.04991949752956218, 0.0842631136955615, 0.1684014877809755, 0.23558427443991392, 0.18731630563546647, 0.08482497495527253, 0.05381933191233217, 0.08614462103137051, 0.01674079534297264, 0.15490610938502927, 0.20230032994100566, 0.02436807229959025, 
0.0, 0.02160579974630282, 0.035730522200858136, 0.020142212884141284, 0.14093713533058322, 0.05915794849074139, 0.04988132363992676, 0.07995446518891212, 0.04575271238704898, 0.05823757687623012, 0.01425151088710932, 0.17353480376572022, 0.1821187539258994, 0.027650751778414813, 
0.003765693215425216, 0.034083862515884675, 0.045197962130131816, 0.024582904260804724, 0.09096855603961022, 0.04075820632397918, 0.027918705240200965, 0.08098110914977971, 0.05591897416018676, 0.078064812298236, 0.024664719464613405, 0.150793526776601, 0.2113299902546053, 0.0409745703280208, 
0.0, 0.022286115812820993, 0.04625237481579071, 0.04577307979132161, 0.09828024586333466, 0.01888426413591942, 0.0, 0.056395091632307326, 0.05158246313498146, 0.06437241561951193, 0.008525451737641526, 0.1021357182015731, 0.17930112376649265, 0.033500094540021015, 
0.0, 0.032445890354099054, 0.11009526712954747, 0.20572906613837294, 0.22554014499978334, 0.054710841320111045, 0.003079079139696762, 0.06190855450410338, 0.05085061082096319, 0.07365777453462533, 0.03763745279597983, 0.11948940285772157, 0.226605325271671, 0.07802404653730888, 
0.0, 0.03354919906159558, 0.050558345968190935, 0.05606311300707888, 0.0032869004601859594, 0.007073435636960284, 0.0, 0.06328897230837882, 0.06973266492409753, 0.08276268133526936, 0.007535702535343955, 0.0768933089272718, 0.20520465873989266, 0.06809116551188624, 
0.0, 0.025066480736964294, 0.031220996094343607, 0.05044165780808367, 0.0015553239822152956, 0.0, 0.02400710356037825, 0.0, 0.05935242183048692, 0.06908721843735124, 0.0, 0.05796593915325868, 0.2369285916688832, 0.1900237802657302, 
0.0067642325166448565, 0.053743114994805885, 0.08019770907867195, 0.08811265798710155, 0.057800069118205864, 0.006787995159977045, 0.07243376751190282, 0.014797305984732417, 0.08819109087491685, 0.10556631282048126, 0.0, 0.0676540770435918, 0.2978280292124594, 0.33930640326103645, 
0.024558327146275146, 0.07502592343939989, 0.14749950446860668, 0.04519145942324569, 0.02224647658531262, 0.0, 0.03504499014653101, 0.08900364247772577, 0.0847426811342856, 0.09447018104986214, 0.0, 0.029373154737780238, 0.30270376917907976, 0.5026666037227356, 
0.040924609671675966, 0.07214722159877753, 0.1369556168512866, 0.024863096825736137, 0.009127787970796986, 0.00149416690804993, 0.05391704381771158, 0.01479929735390054, 0.07596156312228317, 0.07912820659623587, 0.0, 0.008649956775925513, 0.310971933477591, 0.5989386290004958, 
0.026369471727991832, 0.06487863325985489, 0.07057417565962101, 0.0172718654925555, 0.0014007833448398967, 0.00131065370927703, 0.061898887698166136, 0.011947323562507517, 0.07567380290823236, 0.08865050645320503, 0.0, 0.0, 0.2510934463054865, 0.641623840100184, 
0.02019648470268095, 0.08402837217195211, 0.11918749930932093, 0.030316492055777508, 0.0, 0.0, 0.10047754233150168, 0.021498000984658365, 0.07987642849138313, 0.07524722520383482, 0.0, 0.0, 0.1796119695838876, 0.6203882601905601, 
0.007762731716528259, 0.07924816705147598, 0.10673922476401485, 0.0, 0.0, 0.0, 0.09091346681070585, 0.013778016228179412, 0.04913064659870727, 0.07070423203985782, 0.0, 0.0, 0.06177938764074888, 0.5416507186395286, 
0.019282564690556506, 0.1281923579176666, 0.1369176373620884, 0.009974657106372374, 0.0, 0.0, 0.0, 0.12149930778845734, 0.0564427990604061, 0.07827847304004988, 0.0009166563634957007, 0.0, 0.0, 0.3385274059359281, 
0.36017577485357116, 0.31103324639206414, 0.1725475978036424, 0.0029193830970779327, 0.0, 0.0, 0.0, 0.33235749679190024, 0.09865120735087182, 0.06483336250212987, 0.0024288876324861245, 0.0, 0.0, 0.06769544771801707, 
0.18867709995590654, 0.1625671199957719, 0.12919863511921215, 0.007733362464598874, 0.0, 0.0, 0.01478351146122741, 0.27129537527389125, 0.08575768697664532, 0.06522115745827142, 0.011340973700617735, 0.0, 0.0, 0.0, 
0.1726711632663977, 0.15218693500735253, 0.16579903425075312, 0.04014546288475421, 0.0014390936319336317, 0.0031522518061777123, 0.02933255944735845, 0.3234298199990046, 0.08367393851851203, 0.06082685436403547, 0.026582540510741517, 0.0, 0.0, 0.00850089631398964, 
0.11516127984167415, 0.09476637757511511, 0.14032535325004483, 0.034845052459516995, 0.0, 0.0036576798882989913, 0.02194635822856353, 0.3087159569782956, 0.07074899582921174, 0.05860200491745457, 0.03005486667122506, 0.0, 0.0, 0.0, 
0.2325098307455809, 0.1228810533444595, 0.24181289487112279, 0.13112028206163612, 0.0, 0.009318548418988439, 0.002078254443299855, 0.2580760610207778, 0.018870709587302664, 0.061325859498748345, 0.05127333541028954, 0.0, 0.0, 0.0, 
0.03222824558715935, 0.08335496665766674, 0.33570227705646627, 0.19868477772270354, 0.010985034106232666, 0.021678240535433796, 0.0020127240728603215, 0.0, 0.003311876753998224, 0.05444577544402263, 0.07028421052607864, 0.0007268335244253049, 0.0, 0.0, 
0.03625326486482949, 0.06686896552551394, 0.28747165911789496, 0.16711504976308184, 0.00267868926888285, 0.00044760620569154634, 0.0, 0.031201638330868038, 0.0, 0.04457237319019536, 0.06278707218166323, 0.0, 0.0, 0.0, 
0.008159852897883096, 0.061025211022252925, 0.282912661621742, 0.1560187706488924, 0.029411992212924117, 0.0, 0.0, 0.020298087094951584, 0.0, 0.033243335270934704, 0.05346226371526283, 0.002180863779965249, 0.0, 0.0, 
0.0, 0.049990242843700496, 0.25709188491060697, 0.1676154740482671, 0.005948192964483552, 0.0, 0.0, 0.0, 0.0, 0.024263121897776185, 0.04657584974100579, 0.006070054315940035, 0.0, 0.0, 
0.0, 0.01622665374065651, 0.27385973796501467, 0.24594600060567676, 0.04119879236838125, 0.0, 0.0, 0.006536673135417354, 0.0, 0.03922172626945086, 0.09694212897155162, 0.04043082276875383, 0.0, 0.0, 
0.0, 0.010016644512948732, 0.26425382932430475, 0.20135763359456849, 0.05397463505487104, 0.0, 0.0, 0.0, 0.00044638035778427965, 0.033747555392785455, 0.10185223728142975, 0.049320312553241895, 0.0, 0.0, 
0.0, 0.003347613942367907, 0.2400792360807661, 0.23259438326055687, 0.039032805521264854, 0.0, 0.0, 0.0, 0.0, 0.04495846333608097, 0.09420093294299564, 0.0469420045754052, 0.0, 0.0, 
0.0, 0.01573479930907512, 0.22564061253360387, 0.18608434923812178, 0.02418775481290863, 0.0, 0.0, 0.0015509719974141913, 0.006208525010571434, 0.05577596262826578, 0.09544465775091142, 0.08235614942566519, 0.0, 0.0, 
0.0, 0.0016697232646372426, 0.1623932994850852, 0.1807208670297073, 0.039465344589920306, 0.0, 0.0, 0.0, 0.0, 0.010465093252284553, 0.14581917674044487, 0.11643631995069703, 0.004557759737269265, 0.0, 
0.0, 0.012004079977129609, 0.12221318552739949, 0.13820584119649987, 0.018980255324956292, 0.0, 0.0, 0.014626324285226677, 0.0, 0.028440213851118508, 0.18885576458365283, 0.12588243660830684, 0.006439854023163018, 0.0, 
0.0, 0.0314355314653746, 0.13344978207070315, 0.0907663380868752, 0.002438405318096328, 0.0, 0.0, 0.0, 0.03679860516452359, 0.02720770308179252, 0.11937069291654004, 0.11747812468630775, 0.009152269831030686, 0.0, 
0.00026475346242627534, 0.09619100055860397, 0.1560871845078902, 0.0807659314720587, 0.002591289323190875, 0.0, 0.0, 0.05420078191462903, 0.056693340979693106, 0.09124021247175201, 0.09379517454239297, 0.10877513318699208, 0.05902350291189344, 0.0, 
0.015657917691883017, 0.12902964157565433, 0.1473397071996366, 0.07394441665785013, 0.0, 0.0, 0.0, 0.08504532885458721, 0.1276430048094598, 0.1484983807004135, 0.15858468600860373, 0.1513001822945515, 0.16537409677114745, 0.11214753685819162, 
0.015556728032332715, 0.07728078047166104, 0.034862101728221594, 0.03360043674160083, 0.0, 0.0, 0.0, 0.14870962421564485, 0.3165828661397938, 0.20863492337908326, 0.2543178690628061, 0.1599367672993841, 0.14426677404473295, 0.08288945915980735, 
0.0, 0.0, 0.0, 0.0, 0.0, 0.0, 0.0, 0.07470989710351196, 0.4650502134101814, 0.15381322614829115, 0.18405336843626277, 0.052031832894465495, 0.02160475130497733, 0.017170914012777937, 
0.0, 0.0, 0.0, 0.0, 0.0, 0.0, 0.003188157347557813, 0.02136950986695408, 0.09432851512200498, 0.2275795562003187, 0.321268877735274, 0.40724350870284093, 0.36830780422321197, 0.27488140277411044, 
0.0, 0.0, 0.0, 0.0, 0.0, 0.0, 0.0, 0.019576989336538335, 0.028493046810721227, 0.04259271775321176, 0.15457703672874604, 0.31415006865473827, 0.4614400762769489, 0.35914537865368257, 
0.0, 0.0, 0.0, 0.0, 0.0, 0.0016722161865279327, 0.0, 0.001581175930690314, 0.0, 0.10959571947602795, 0.23702572760346333, 0.32662688295308034, 0.2212519688579651, 0.008171290236480024, 
0.044530057019123805, 0.028572945462267338, 0.0, 0.0067145390134798096, 0.0, 0.0, 0.0, 0.0037669800569041915, 0.0, 0.06801284209841058, 0.2755103785243707, 0.37182855048994773, 0.2500688496070339, 0.08532137944038336, 
0.022669352637570306, 0.007021969097742728, 0.0, 0.005771685596660416, 0.029673200686882055, 0.0607811718474154, 0.07754529841447624, 0.03964983947035465, 0.01451363948807479, 0.266849377766589, 0.3973356260143786, 0.40047400866046906, 0.11701831073068975, 0.009336633018620182, 
0.013029828644667885, 0.0, 0.0, 0.0, 0.0, 0.0, 0.0, 0.012108282801985679, 0.1701719959894449, 0.31042471812314193, 0.21428015045967436, 0.09559356995633328, 0.1391489575382005, 0.15369740585427583, 
0.10333273102882069, 0.0015822818405078415, 0.0, 0.0, 0.0, 0.0, 0.0033005991892176645, 0.0004939148786851377, 0.2351658571986864, 0.3049806391728221, 0.06316925745150127, 0.0, 0.0, 0.0, 
0.0, 0.0, 0.009362115446554912, 0.0, 0.006546355791442767, 0.0, 0.0, 0.0, 0.15738548615048056, 0.28620472920405376, 0.12307346431011586, 0.0014142241195879018, 0.0, 0.0, 
0.17621721617836902, 0.023368009350872535, 0.001168597572421596, 0.12962185270169058, 0.21266431699385224, 0.09346301029478069, 0.13943296538669905, 0.11062434822092387, 0.21381938678074033, 0.06179654149671721, 0.006815330206687898, 0.005191927065849858, 0.0, 0.004926798719147169, 
0.15570608547149717, 0.015806207765973884, 0.0, 0.13798844132655647, 0.25209392275440706, 0.17161594803663038, 0.2213196650353471, 0.16553988654828036, 0.35392248226081274, 0.1304376377711453, 0.0008829903725620028, 0.007699348714704225, 0.0, 0.0, 
0.14987520361483114, 0.008687990970467949, 0.0, 0.20921527720084768, 0.23671660980904308, 0.1490377773937808, 0.19961326896370618, 0.10576626853426838, 0.299932291591331, 0.11882278249151794, 0.0064052562859108365, 0.009555249728803934, 0.0, 0.0, 
0.1999983253543811, 0.01935499725840155, 0.0, 0.20579825914545172, 0.19016263344317677, 0.13020077516409373, 0.1883190739952671, 0.09094531978807642, 0.2550233854603598, 0.05249630236077327, 0.0010196242164947293, 0.010406361157180341, 0.0, 0.0016350051562513512, 
0.18401165591610827, 0.01312118226860854, 0.0, 0.2018692222469968, 0.166438663391464, 0.10858965160768078, 0.2007335614232936, 0.11629522806930666, 0.3036961898799598, 0.05039392613372323, 0.0, 0.0032775697307519617, 0.0, 0.0, 
0.0895005411236381, 0.0, 0.0032876451004325968, 0.13754894434839068, 0.0934424278885881, 0.024298348259066585, 0.08427345641366356, 0.09417171926685212, 0.1461747680733503, 0.01955358964256855, 0.0, 0.0, 0.0, 0.0, 
0.10741788385036444, 0.0, 0.015666343879255636, 0.16566363949954152, 0.13413773453813108, 0.05736353806084557, 0.10613499652334052, 0.21118940044933684, 0.3372781287344265, 0.0482327227027214, 0.0, 0.0, 0.0, 0.0, 
0.07118902055238402, 0.0, 0.0, 0.08555831929850813, 0.08396453195302842, 0.016369430656785318, 0.020615168329707913, 0.12614395482640134, 0.22865108992908856, 0.00778991302212854, 0.0, 0.0, 0.0, 0.0, 
0.06284211020099903, 0.0, 0.026558241070185864, 0.10774093116916911, 0.07539883565997467, 0.006925221682821673, 0.038434307034337756, 0.1285284115736657, 0.1785932481450774, 0.0023735682411787414, 0.0, 0.0, 0.0, 0.0, 
0.05105482992869527, 0.0, 0.026533830349456583, 0.08636142730503733, 0.09703093790059102, 0.018104608625911397, 0.0545282545912863, 0.17774753144749655, 0.1897225032473045, 0.0037005793619437864, 0.0, 0.0, 0.0, 0.0, 
0.055763166504117785, 0.0, 0.05100640901394502, 0.12435560017123677, 0.1688881782204831, 0.10216432194119836, 0.2718696090999376, 0.3336076358237618, 0.3248054668665008, 0.012809485018096489, 0.0, 0.0, 0.0, 0.0, 
0.05547855266558913, 0.004494438609221509, 0.0612070128057527, 0.12965722487882597, 0.20286790441840913, 0.15788465204757493, 0.3309124829274089, 0.40703175626637006, 0.3771198330725007, 0.008980243426487915, 0.0, 0.0, 0.0, 0.0, 
0.018681080755873165, 0.0, 0.03906004548676892, 0.10798716537377819, 0.17852977677570195, 0.15423305572432802, 0.26659712989062595, 0.3026580820845704, 0.24120617660506186, 0.0023267795527158654, 0.0, 0.0, 0.0, 0.0, 
0.01736089831092256, 0.0, 0.04194999858973934, 0.12220664517667648, 0.1986987227815588, 0.1290883040043412, 0.09596770188566682, 0.3866394321007648, 0.2804382184323778, 0.0011068340251465536, 0.0, 0.0, 0.0, 0.0, 
0.018440204275325722, 0.004947461475957123, 0.061333455687448454, 0.10917103118916517, 0.17807988874578257, 0.13810078881849497, 0.12836484570572487, 0.437573049082178, 0.2863399754864467, 0.003460435625425184, 0.0, 0.0, 0.0, 0.0, 
0.010385287444671007, 0.0, 0.058507743157955996, 0.10238224251378472, 0.14746180225562153, 0.19762131859566087, 0.36825820471964077, 0.18920820274075995, 0.11515106859366259, 0.0, 0.0, 0.0, 0.0, 0.0, 
0.0032469426739385045, 0.0, 0.04785822005921573, 0.14711668329647762, 0.18352641961111993, 0.19123442588512632, 0.13269131175928048, 0.2721231767352602, 0.18858037718053383, 0.0, 0.0, 0.0, 0.0, 0.0, 
0.0, 0.0, 0.030044631798380836, 0.0798662750368475, 0.21584975506067824, 0.2853113532220533, 0.2607276203376364, 0.23070014818268325, 0.14949133345762022, 0.0, 0.0, 0.0, 0.0, 0.0, 
0.0, 0.0015908833486897541, 0.0554544049277595, 0.11849375781870028, 0.26581084385035364, 0.29841530716796794, 0.15714345185254136, 0.3147300220894056, 0.1466057062373036, 0.0, 0.0, 0.0, 0.0, 0.0, 
0.0, 0.0, 0.029655257639599295, 0.07565598175471948, 0.22864878294317784, 0.2525171659362246, 0.029667884265898944, 0.384232524138475, 0.13548067586456078, 0.0, 0.0, 0.0, 0.0, 0.0, 
0.0, 0.0, 0.0184835413917708, 0.03515985824547722, 0.1217430706430411, 0.14846239709926412, 0.006414202371698839, 0.4117511918128013, 0.15721511128866472, 0.0, 0.0, 0.0, 0.0, 0.0, 
0.0310408203134993, 0.0, 0.08421513321976797, 0.10771000111288967, 0.21202004834188623, 0.19518750183203126, 0.016258888621055685, 0.5309519075893838, 0.17346055781256908, 0.0, 0.0, 0.0, 0.0, 0.0, 
0.019960281968181996, 0.0, 0.09141126161920803, 0.15461550055972956, 0.2724695947528253, 0.19494761465992283, 0.02831160793162367, 0.5069182704514972, 0.13236540475309508, 0.0, 0.0, 0.0, 0.0, 0.0, 
0.029847756285481822, 0.0025669121202064734, 0.12041333621648631, 0.19793674002351394, 0.3440885223531264, 0.24449924173423215, 0.06675201098960089, 0.5415633890022257, 0.1529480409133305, 0.0, 0.0, 0.0, 0.0, 0.0, 
