0.0, 0.0, 0.28394652267042764, 0.5956084953431894, 0.3928952290671409, 0.0, 0.0, 0.0, 0.0, 0.2635178591961496, 0.3943375436777442, 0.23337866282493358, 0.0, 0.0, 
0.0, 0.0, 0.2834306087410491, 0.5995448517532068, 0.3873598841997795, 0.0, 0.0, 0.0, 0.0, 0.2667451356153125, 0.4026152041059926, 0.23219540098259805, 0.0, 0.0, 
0.0, 0.0, 0.2830715336509023, 0.5966135882990241, 0.3820292040892387, 0.0, 0.0, 0.0, 0.0, 0.2615921154677004, 0.40403135562725884, 0.2273480081168266, 0.0, 0.0, 
0.0, 0.0, 0.2879027925412279, 0.6046486059393716, 0.3845095095687456, 0.0, 0.0, 0.0, 0.0, 0.2643882071121401, 0.4017962770477007, 0.22247333899017233, 0.0, 0.0, 
0.0, 0.0, 0.2871057206501881, 0.6052352688341034, 0.38290298888155444, 0.0, 0.0, 0.0, 0.0, 0.260629138901143, 0.40370422173035636, 0.21516439252109587, 0.0, 0.0, 
0.0, 0.0, 0.2932262909428668, 0.6091807330180125, 0.3755659268892425, 0.0, 0.0, 0.0, 0.0, 0.25941609044719555, 0.4016476237544571, 0.20610459793658933, 0.0, 0.0, 
0.0, 0.0, 0.29366085364870526, 0.6075451433988859, 0.3614674020497487, 0.0, 0.0, 0.0, 0.0, 0.254072346652769, 0.40533067540713136, 0.20366588469042554, 0.0, 0.0, 
0.0, 0.0, 0.2917388983667656, 0.604327313608374, 0.35603412473665724, 0.0, 0.0, 0.0, 0.0, 0.2519359289329038, 0.4070802873468217, 0.20011444774037052, 0.0, 0.0, 
0.0, 0.0, 0.2919624601819287, 0.6021893244832773, 0.3414782064720133, 0.0, 0.0, 0.0, 0.0, 0.2534268541109539, 0.4025029018961061, 0.19637912299851237, 0.0, 0.0, 
0.0, 0.0, 0.29083494202952154, 0.5977496807983513, 0.33243142309630186, 0.0, 0.0, 0.0, 0.0, 0.2563061093887403, 0.39984336178241114, 0.18876559802247522, 0.0, 0.0, 
0.0, 0.0, 0.29004523029434587, 0.6009380808639684, 0.3273438740340629, 0.0, 0.0, 0.0, 0.0, 0.25678473809621905, 0.4069317710165752, 0.183204635779857, 0.0, 0.0, 
0.0, 0.0, 0.28655512660576965, 0.597822523069329, 0.3197090034724165, 0.0, 0.0, 0.0, 0.0, 0.2524900911363159, 0.4034314966213464, 0.17231534912171412, 0.0, 0.0, 
0.0, 0.0, 0.30185112795686886, 0.6096880877877902, 0.3183169310402389, 0.0, 0.0, 0.0, 0.0, 0.2675553843406273, 0.4041228018129702, 0.16162028179221002, 0.0, 0.0, 
0.0, 0.0, 0.31025569129465413, 0.6180481414584934, 0.30810924891801766, 0.0, 0.0, 0.0, 0.0, 0.2599291569809934, 0.40352580821177847, 0.15453441874870844, 0.0, 0.0, 
0.0, 0.0, 0.3190530043070189, 0.6315588533504546, 0.30855526773132064, 0.0, 0.0, 0.0, 0.0, 0.2623606451347809, 0.4006822924389942, 0.15280238804090288, 0.0, 0.0, 
0.0, 0.0, 0.33264429246536986, 0.6483150043647525, 0.30225294118164986, 0.0, 0.0, 0.0, 0.0, 0.27502465506206364, 0.41357225335722264, 0.14273495616983292, 0.0, 0.0, 
0.0, 0.0, 0.3338512477279734, 0.6412974545178359, 0.29425516829344806, 0.0, 0.0, 0.0, 0.0, 0.2752439374470933, 0.4059553369909832, 0.13224018479967753, 0.0, 0.0, 
0.0, 0.0, 0.3251849741652942, 0.6129737136346439, 0.265887767094136, 0.0, 0.0, 0.0, 0.0, 0.261293728453087, 0.3819718600822814, 0.12209246697757524, 0.0, 0.0, 
0.0, 0.0, 0.31877082289203096, 0.5895345440630169, 0.25330597632398966, 0.0, 0.0, 0.0, 0.0, 0.24657213849250492, 0.3557528825502594, 0.10747907010332128, 0.0, 0.0, 
0.0, 0.0, 0.33176567833730486, 0.6179984420730419, 0.26422077987314924, 0.0, 0.0, 0.0, 0.0, 0.26080838394116135, 0.37740532099639273, 0.11031135492025657, 0.0, 0.0, 
0.0, 0.0, 0.3582163279643287, 0.6761911373720526, 0.2822335008682467, 0.0, 0.0, 0.0, 0.0, 0.29001316397591337, 0.40571594629062757, 0.11933948018965389, 0.0, 0.0, 
0.0, 0.0, 0.35101170727190073, 0.6632565067462092, 0.2717082728977656, 0.0, 0.0, 0.0, 0.0, 0.2785465826758187, 0.3919981322982829, 0.10650356974348356, 0.0, 0.0, 
0.0, 0.0, 0.35525114750630304, 0.665071828186185, 0.26322936736615654, 0.0, 0.0, 0.0, 0.0, 0.28684400221230183, 0.3883153697409569, 0.10557327447581406, 0.0, 0.0, 
0.0, 0.0, 0.3457301900808742, 0.6479342192660976, 0.2441468473697198, 0.0, 0.0, 0.0, 0.0, 0.2631531121905611, 0.3475982274518671, 0.09037871790723555, 0.0, 0.0, 
0.0, 0.0, 0.3392469436067214, 0.6315990662216423, 0.2233092275933985, 0.0, 0.0, 0.0, 0.0, 0.25172591493646007, 0.33284675591626384, 0.08787881165245026, 0.0, 0.0, 
0.0, 0.0, 0.3463505042231386, 0.6329782360767647, 0.21524543081671296, 0.0, 0.0, 0.0, 0.0, 0.2509395272601439, 0.3227135114272345, 0.08116638760553965, 0.0, 0.0, 
0.0, 0.0, 0.35433868800457896, 0.6347821733467373, 0.21637981926072009, 0.0, 0.0, 0.0, 0.0, 0.24901468642966837, 0.31841194142301754, 0.07771985914135741, 0.0, 0.0, 
0.0, 0.0, 0.35769894231148464, 0.6379301622053154, 0.21767668592167422, 0.0, 0.0, 0.0, 0.0, 0.24468088300503715, 0.30857065442455783, 0.07432422439668994, 0.0, 0.0, 
0.0, 0.0, 0.3608727724242801, 0.6490408607882612, 0.21834096010740106, 0.0, 0.0, 0.0, 0.0, 0.25258510796128086, 0.29854776631368257, 0.06622529175240886, 0.0, 0.0, 
0.0, 0.0, 0.36543730145987546, 0.6473222737569065, 0.2092455559429592, 0.0, 0.0, 0.0, 0.0, 0.2625544605036308, 0.29453407419751354, 0.058022717167691015, 0.0, 0.0, 
0.0, 0.0, 0.36698126419701393, 0.6487128095577316, 0.20696263555937566, 0.0, 0.0, 0.0, 0.0, 0.26069181152439397, 0.2972851820816482, 0.058921810689976324, 0.0, 0.0, 
0.0, 0.0, 0.36307458384913216, 0.6457838737017882, 0.20215452962358713, 0.0, 0.0, 0.0, 0.0, 0.2611451241526296, 0.2899480919378858, 0.05513136038432569, 0.0, 0.0, 
0.0, 0.0, 0.3632697439729285, 0.6375550161831821, 0.179047765289184, 0.0, 0.0, 0.0, 0.0, 0.25226540443067147, 0.28711059567352576, 0.05127169301885354, 0.0, 0.0, 
0.0, 0.0, 0.37601710290292983, 0.666924448781527, 0.18515325733960908, 0.0, 0.0, 0.0, 0.0, 0.251401910934847, 0.3133260041128134, 0.055124720321206924, 0.0, 0.0, 
0.0, 0.0, 0.37429004232757873, 0.6726426777466665, 0.1809093972344681, 0.0, 0.0, 0.0, 0.0, 0.24652424503297457, 0.3160397959880193, 0.05560523408289398, 0.0, 0.0, 
0.0, 0.0, 0.36234536465085504, 0.6660917009989369, 0.18230495866283292, 0.0, 0.0, 0.0, 0.0, 0.23364073308359415, 0.3047773617354521, 0.05596230792462031, 0.0, 0.0, 
0.0, 0.0, 0.35193278641562825, 0.6522511461286477, 0.17561366671475856, 0.0, 0.0, 0.0, 0.0, 0.21211151812970566, 0.2861885052263676, 0.05334081968677828, 0.0, 0.0, 
0.0, 0.0, 0.3475015522902445, 0.6515706376970216, 0.17237126740037984, 0.0, 0.0, 0.0, 0.0, 0.20134697139238383, 0.28192535832029053, 0.05085032332120254, 0.0, 0.0, 
0.0, 0.0, 0.33495616912296816, 0.6437238210457461, 0.17131752809959946, 0.0, 0.0, 0.0, 0.0, 0.19560541740523232, 0.271098207642915, 0.04901721038526331, 0.0, 0.0, 
0.0, 0.0, 0.3378686938669837, 0.6531867629327295, 0.1758199137869047, 0.0, 0.0, 0.0, 0.0, 0.1970187479957712, 0.2689895726938843, 0.049632554587625305, 0.0, 0.0, 
0.0, 0.0, 0.32759197965494863, 0.6488695344107073, 0.17609642209242096, 0.0, 0.0, 0.0, 0.0, 0.19018252625992077, 0.2622005465598388, 0.04953701447583626, 0.0, 0.0, 
0.0, 0.0, 0.325215257033749, 0.6512573606024519, 0.1795184501707015, 0.0, 0.0, 0.0, 0.0, 0.18792035993644143, 0.2503840017478142, 0.047618127628036765, 0.0, 0.0, 
0.0, 0.0, 0.31802771159393756, 0.6566330661861693, 0.17959599713380875, 0.0, 0.0, 0.0, 0.0, 0.19011577842851546, 0.25029101574362655, 0.0478401980301935, 0.0, 0.0, 
0.0, 0.0, 0.3095092634260041, 0.656844529299207, 0.180314303205244, 0.0, 0.0, 0.0, 0.0, 0.19210744209876854, 0.25303809522146775, 0.04802481323322336, 0.0, 0.0, 
0.0, 0.0, 0.30499442033775165, 0.6659564723209611, 0.18371608132372777, 0.0, 0.0, 0.0, 0.0, 0.1907238003596506, 0.254298379976316, 0.04844727622314488, 0.0, 0.0, 
0.0, 0.0, 0.29719840974658923, 0.6706525394312499, 0.18835468534208535, 0.0, 0.0, 0.0, 0.0, 0.170295670495643, 0.24902069960070297, 0.04898260818516483, 0.0, 0.0, 
0.0, 0.0, 0.29428376838838366, 0.6716697682193713, 0.18964912534560055, 0.0, 0.0, 0.0, 0.0, 0.16824418389290283, 0.2562518712904163, 0.04948139964280404, 0.0, 0.0, 
0.0, 0.0, 0.2867892838352839, 0.6653649482191926, 0.19787799102969483, 0.0, 0.0, 0.0, 0.0, 0.15927737211364854, 0.25494624618399536, 0.05065387084158911, 0.0, 0.0, 
0.0, 0.0, 0.2821331228775192, 0.662703162534515, 0.2074331077779278, 0.0, 0.0, 0.0, 0.0, 0.14093021057111615, 0.24890627146095531, 0.052512643613439186, 0.0, 0.0, 
0.0, 0.0, 0.26381450160893266, 0.6406403966676446, 0.20567005497052662, 0.0, 0.0, 0.0, 0.0, 0.13569252676372742, 0.23552070329842328, 0.050626041957843815, 0.0, 0.0, 
0.0, 0.0, 0.23985113495747695, 0.6044315660727086, 0.20126658139303144, 0.0, 0.0, 0.0, 0.0, 0.12411731759633249, 0.21358995771073216, 0.05027331755240586, 0.0, 0.0, 
0.0, 0.0, 0.2176397347633557, 0.5884872903622499, 0.2020063756586987, 0.0, 0.0, 0.0, 0.0, 0.11427905833615086, 0.1991820676816835, 0.05152622954056255, 0.0, 0.0, 
0.0, 0.0, 0.22012623238276327, 0.6022854411678785, 0.21685270989180963, 0.0, 0.0, 0.0, 0.0, 0.10531816308098801, 0.2043633112697724, 0.058396276803565, 0.0, 0.0, 
0.0, 0.0, 0.184985924195504, 0.5931800779566188, 0.22373561180970758, 0.0, 0.0, 0.0, 0.0, 0.09022070821832114, 0.19575905260392254, 0.05960684098642292, 0.0, 0.0, 
0.0, 0.0, 0.17139297946843884, 0.5889951236901698, 0.24430258452740855, 0.0, 0.0, 0.0, 0.0, 0.07927307481283624, 0.1930202061773839, 0.057493940462213816, 0.0, 0.0, 
0.0, 0.0, 0.1581517227028047, 0.6073145338415231, 0.2655256435528953, 0.0, 0.0, 0.0, 0.0, 0.07090027160606475, 0.22433809228832033, 0.07388323664290763, 0.0, 0.0, 
0.0, 0.0, 0.14600157674232117, 0.6250090048758653, 0.2764417904651808, 0.0, 0.0, 0.0, 0.0, 0.06651590299077169, 0.22621577336790966, 0.08138940663502799, 0.0, 0.0, 
0.0, 0.0, 0.1372496665538197, 0.6498600710991382, 0.30064235081512514, 0.0, 0.0, 0.0, 0.0, 0.07157185176440332, 0.24538614931413577, 0.09347320660311333, 0.0, 0.0, 
0.0, 0.0, 0.12594398304758345, 0.6179356501037432, 0.30458852272450876, 0.0, 0.0, 0.0, 0.0, 0.057368419712855834, 0.21735241612340284, 0.08682032267987595, 0.0, 0.0, 
0.0, 0.0, 0.10858899819584147, 0.5889848812445129, 0.3062135167630202, 0.0, 0.0, 0.0, 0.0, 0.04728115305853181, 0.18689776613326076, 0.08240111446641125, 0.0, 0.0, 
0.0, 0.0, 0.10050443747788551, 0.588689749954272, 0.307752576393211, 0.0, 0.0, 0.0, 0.0, 0.039023190896197914, 0.17556883292896375, 0.08024194688499768, 0.0, 0.0, 
0.0, 0.0, 0.0994540006594179, 0.5914609336285142, 0.30809556031404395, 0.0, 0.0, 0.0, 0.0, 0.03429395150024975, 0.17589594713239082, 0.07685267919139938, 0.0, 0.0, 
0.0, 0.0, 0.09441079023913776, 0.5916391523575227, 0.3011629002514076, 0.0, 0.0, 0.0, 0.0, 0.03446637719086177, 0.17489297074572555, 0.07658405893470198, 0.0, 0.0, 
0.0, 0.0, 0.09309161865053502, 0.5885656633571619, 0.294034256652678, 0.0, 0.0, 0.0, 0.0, 0.031673242199112016, 0.17594534112832333, 0.07603072405960977, 0.0, 0.0, 
0.0, 0.0, 0.09251367827496434, 0.5909021285651588, 0.2885838611151036, 0.0, 0.0, 0.0, 0.0, 0.03092841009143067, 0.17727204756053602, 0.07605441677537701, 0.0, 0.0, 
0.0, 0.0, 0.08736505920240902, 0.5891187690609241, 0.28243021231268217, 0.0, 0.0, 0.0, 0.0, 0.031067971542819112, 0.16980170419928248, 0.07285530839474502, 0.0, 0.0, 
0.0, 0.0, 0.08713143367709744, 0.5860279871029056, 0.2719354356483408, 0.0, 0.0, 0.0, 0.0, 0.030672135514447117, 0.1674270372784826, 0.07224642111688134, 0.0, 0.0, 
0.0, 0.0, 0.08569248813950259, 0.5859567732077078, 0.2723656174416627, 0.0, 0.0, 0.0, 0.0, 0.029099478772172352, 0.176196177769117, 0.07182216518622687, 0.0, 0.0, 
0.0, 0.0, 0.07948935806471638, 0.5830051005546236, 0.2683265006188881, 0.0, 0.0, 0.0, 0.0, 0.026218807620340512, 0.16793258341144324, 0.06494798671420629, 0.0, 0.0, 
0.0, 0.0, 0.07853423274730302, 0.578511930453634, 0.260120159407549, 0.0, 0.0, 0.0, 0.0, 0.02397257009396763, 0.16272223243307668, 0.06167795228444145, 0.0, 0.0, 
0.0, 0.0, 0.0822892674757709, 0.5768890588189536, 0.2572396825238214, 0.0, 0.0, 0.0, 0.0, 0.02385498674154518, 0.16214799941206648, 0.05854395807379715, 0.0, 0.0, 
0.0, 0.0, 0.08382301123686658, 0.5771406717572359, 0.253585064043652, 0.0, 0.0, 0.0, 0.0, 0.022919766679672934, 0.15527634301952395, 0.054516602253037484, 0.0, 0.0, 
0.0, 0.0, 0.08737174733709971, 0.581878081890965, 0.24631267199196896, 0.0, 0.0, 0.0, 0.0, 0.023976844509962267, 0.15687070845843545, 0.054524382994899236, 0.0, 0.0, 
0.0, 0.0, 0.09598161627408293, 0.6087249071319463, 0.24824150474198944, 0.0, 0.0, 0.0, 0.0, 0.027550478362028997, 0.1722989176903132, 0.05279846919623775, 0.0, 0.0, 
0.0, 0.0, 0.09658761325708802, 0.601888628901806, 0.2353924767281201, 0.0, 0.0, 0.0, 0.0, 0.0259310314936292, 0.17452973596913912, 0.05237491722018313, 0.0, 0.0, 
0.0, 0.0, 0.10037827549892113, 0.6216556793198865, 0.23786808690120156, 0.0, 0.0, 0.0, 0.0, 0.03488658164409672, 0.18419818110191277, 0.054559094267007294, 0.0, 0.0, 
0.0, 0.0, 0.10337512649404916, 0.6243665213243645, 0.2311056955070208, 0.0, 0.0, 0.0, 0.0, 0.03511225608875343, 0.1880736055906367, 0.05143380307382958, 0.0, 0.0, 
0.0, 0.0, 0.10427175090599816, 0.6117557579305307, 0.2234541169568934, 0.0, 0.0, 0.0, 0.0, 0.03740397439525154, 0.18818300072700445, 0.047469149591161316, 0.0, 0.0, 
0.0, 0.0, 0.09983138118289751, 0.5968102369800613, 0.2095832468675488, 0.0, 0.0, 0.0, 0.0, 0.03401180561128658, 0.17329535075703045, 0.04205728652409244, 0.0, 0.0, 
0.0, 0.0, 0.09761933348823519, 0.5961085083213845, 0.20213817115937396, 0.0, 0.0, 0.0, 0.0, 0.03292377786553444, 0.17584648030603375, 0.03971298944148544, 0.0, 0.0, 
0.0, 0.0, 0.0977316469897425, 0.5927903052448331, 0.1985156529550146, 0.0, 0.0, 0.0, 0.0, 0.030949850417846522, 0.1660073895528442, 0.038136168122433645, 0.0, 0.0, 
0.0, 0.0, 0.09872185149476062, 0.5993303019891063, 0.20196948805599058, 0.0, 0.0, 0.0, 0.0, 0.03117174326305167, 0.17079151940976897, 0.0382860345850774, 0.0, 0.0, 
0.0, 0.0, 0.09629107460015505, 0.5928460810405014, 0.19942428484834174, 0.0, 0.0, 0.0, 0.0, 0.03138481232985534, 0.1712366765923533, 0.03741819716397399, 0.0, 0.0, 
0.0, 0.0, 0.09689408910707012, 0.5973707186588253, 0.19619977395478966, 0.0, 0.0, 0.0, 0.0, 0.031146574244812108, 0.16184094279525674, 0.03674689365903717, 0.0, 0.0, 
0.0, 0.0, 0.09485184184664752, 0.5940596341382322, 0.1935521243244607, 0.0, 0.0, 0.0, 0.0, 0.030600181717408224, 0.1598519228586161, 0.03715922278485545, 0.0, 0.0, 
0.0, 0.0, 0.09414317237892712, 0.5881411882077967, 0.1906410327055318, 0.0, 0.0, 0.0, 0.0, 0.02935545353889334, 0.15588074508815583, 0.037063978040346925, 0.0, 0.0, 
0.0, 0.0, 0.09643242732210883, 0.5912098358905931, 0.18657462482896534, 0.0, 0.0, 0.0, 0.0, 0.02648743700572638, 0.16174622338401914, 0.037178986501378124, 0.0, 0.0, 
0.0, 0.0, 0.09242236963093106, 0.5804983248784276, 0.16831111083504507, 0.0, 0.0, 0.0, 0.0, 0.027888475248357178, 0.15433841072955395, 0.03430993647157077, 0.0, 0.0, 
0.0, 0.0, 0.09357343819112043, 0.5906854385670172, 0.17187105766451177, 0.0, 0.0, 0.0, 0.0, 0.02652999861671938, 0.15874320239615528, 0.03534368008580393, 0.0, 0.0, 
0.0, 0.0, 0.0922883939686961, 0.5895787405290523, 0.1681070874094349, 0.0, 0.0, 0.0, 0.0, 0.026445337274352845, 0.1698874909317185, 0.035658303316834436, 0.0, 0.0, 
0.0, 0.0, 0.08913359353286897, 0.5742505052361657, 0.15335203665962116, 0.0, 0.0, 0.0, 0.0, 0.025373009715555003, 0.16062572061225597, 0.03466031547375666, 0.0, 0.0, 
0.0, 0.0, 0.08534808369633481, 0.5660600321608819, 0.154206073462328, 0.0, 0.0, 0.0, 0.0, 0.02514807331851938, 0.1583961037583306, 0.03454773443860763, 0.0, 0.0, 
0.0, 0.0, 0.08364998867575738, 0.5681989023106967, 0.1473249851151361, 0.0, 0.0, 0.0, 0.0, 0.026523856212259934, 0.16481469050556455, 0.034388118420940736, 0.0, 0.0, 
0.0, 0.0, 0.08183687715920071, 0.5644481736363586, 0.14021185710036274, 0.0, 0.0, 0.0, 0.0, 0.021452848410928472, 0.14748195210556264, 0.03184220200092534, 0.0, 0.0, 
0.0, 0.0, 0.08155205770495304, 0.5589130513927683, 0.1381456380132719, 0.0, 0.0, 0.0, 0.0, 0.021687797465097833, 0.15014029359760475, 0.03057554510705093, 0.0, 0.0, 
0.0, 0.0, 0.08028860754613794, 0.5568565014415078, 0.13796530933963214, 0.0, 0.0, 0.0, 0.0, 0.021405365159725225, 0.14775786102140287, 0.02894534663487565, 0.0, 0.0, 
0.0, 0.0, 0.07695124369800124, 0.5457905359151431, 0.13462679553946968, 0.0, 0.0, 0.0, 0.0, 0.021162581647829592, 0.14694084896581508, 0.02835267650446098, 0.0, 0.0, 
0.0, 0.0, 0.07375321939755528, 0.5450730239996558, 0.1344595637553415, 0.0, 0.0, 0.0, 0.0, 0.024860445551570517, 0.1559746829726301, 0.029217485824705222, 0.0, 0.0, 
0.0, 0.0, 0.0732560801488612, 0.5485692509778537, 0.13607996210437717, 0.0, 0.0, 0.0, 0.0, 0.024656889777963743, 0.15633448387004673, 0.028973776934314036, 0.0, 0.0, 
0.0, 0.0, 0.07296819500331697, 0.5438282424366925, 0.13543541161994746, 0.0, 0.0, 0.0, 0.0, 0.02005965714758439, 0.16042993435834899, 0.028990509673338865, 0.0, 0.0, 
0.0, 0.0, 0.07247707106352742, 0.5419084274516068, 0.13337397866574519, 0.0, 0.0, 0.0, 0.0, 0.01991172715349056, 0.16150828676352233, 0.028767636467893085, 0.0, 0.0, 
0.0, 0.0, 0.06849690209347915, 0.529540295465971, 0.1311778416568365, 0.0, 0.0, 0.0, 0.0, 0.019357545019198258, 0.16019626187443453, 0.02783180956271437, 0.0, 0.0, 
0.0, 0.0, 0.06793171965561466, 0.5286351910377136, 0.13061505379543945, 0.0, 0.0, 0.0, 0.0, 0.019571168543940042, 0.1619102655332441, 0.028118293703241995, 0.0, 0.0, 
0.0, 0.0, 0.06690879423943298, 0.5267332472492542, 0.1257966447898195, 0.0, 0.0, 0.0, 0.0, 0.01944688618603834, 0.156964110639063, 0.025934118466482536, 0.0, 0.0, 
0.0, 0.0, 0.0649084057378079, 0.5198792328826675, 0.12537001368944256, 0.0, 0.0, 0.0, 0.0, 0.019474622173347323, 0.15600302857547865, 0.024377139999208975, 0.0, 0.0, 
0.0, 0.0, 0.06446840606403731, 0.5164483710043548, 0.12332659967997178, 0.0, 0.0, 0.0, 0.0, 0.019566381134944754, 0.15787797493401035, 0.02449940327568303, 0.0, 0.0, 
0.0, 0.0, 0.0645385148329808, 0.5298234776358163, 0.12560961441696056, 0.0, 0.0, 0.0, 0.0, 0.019634430310308405, 0.1658137534899671, 0.025152297492242563, 0.0, 0.0, 
0.0, 0.0, 0.06375585708645676, 0.5267277659904448, 0.12321258119121133, 0.0, 0.0, 0.0, 0.0, 0.019797231118621503, 0.16489747241699834, 0.02482341176677051, 0.0, 0.0, 
0.0, 0.0, 0.06262796628114911, 0.5235910667037499, 0.12226661126251986, 0.0, 0.0, 0.0, 0.0, 0.01962314814759011, 0.1652701575673177, 0.024295575011133292, 0.0, 0.0, 
0.0, 0.0, 0.05624993430171772, 0.5194769507325936, 0.12250068286348481, 0.0, 0.0, 0.0, 0.0, 0.01929427380507293, 0.16207002935360773, 0.023496378576478738, 0.0, 0.0, 
0.0, 0.0, 0.056575125283428555, 0.5205189843950052, 0.11969217775678898, 0.0, 0.0, 0.0, 0.0, 0.019766093691339214, 0.16169404696288703, 0.023711822116374463, 0.0, 0.0, 
0.0, 0.0, 0.055100925451310026, 0.5151583451831843, 0.10821459721039024, 0.0, 0.0, 0.0, 0.0, 0.01961048908180177, 0.16138438402353825, 0.021890987056121573, 0.0, 0.0, 
0.0, 0.0, 0.05473188231324331, 0.5162966971870171, 0.10184372595255146, 0.0, 0.0, 0.0, 0.0, 0.019310702953450706, 0.16301108547267165, 0.021610309219703038, 0.0, 0.0, 
0.0, 0.0, 0.05452368573812477, 0.5095976137432285, 0.09621356731407675, 0.0, 0.0, 0.0, 0.0, 0.019370788305541092, 0.16113801837219602, 0.021373116543516858, 0.0, 0.0, 
0.0, 0.0, 0.05455237614027419, 0.5061168845580634, 0.09444650741963023, 0.0, 0.0, 0.0, 0.0, 0.019474006093856147, 0.15730175734678833, 0.019338927765121517, 0.0, 0.0, 
0.0, 0.0, 0.055811522510559326, 0.5101477573241319, 0.09360048677418292, 0.0, 0.0, 0.0, 0.0, 0.020035534959051214, 0.15706853168124366, 0.019428329346361083, 0.0, 0.0, 
0.0, 0.0, 0.059585702363186055, 0.5151855002455118, 0.09590961533707626, 0.0, 0.0, 0.0, 0.0, 0.02135675850101552, 0.16199551457254488, 0.019985418461372167, 0.0, 0.0, 
0.0, 0.0, 0.05717207445580963, 0.5113677971092275, 0.09572696033821633, 0.0, 0.0, 0.0, 0.0, 0.020226457491980696, 0.1603816288678105, 0.01987804250728978, 0.0, 0.0, 
0.0, 0.0, 0.05697575680935496, 0.5084342299975755, 0.09477064138769208, 0.0, 0.0, 0.0, 0.0, 0.02023481782705073, 0.1584221803721897, 0.01976704036331081, 0.0, 0.0, 
0.0, 0.0, 0.05785765782934541, 0.5061298315213687, 0.09231069741751205, 0.0, 0.0, 0.0, 0.0, 0.0203308456801466, 0.16358423865053284, 0.01898544169256019, 0.0, 0.0, 
0.0, 0.0, 0.05828451448551565, 0.5057365345979036, 0.0902631672961163, 0.0, 0.0, 0.0, 0.0, 0.02007826951071557, 0.16042511315547273, 0.016431586857038327, 0.0, 0.0, 
0.0, 0.0, 0.055801067019869956, 0.5056753091492852, 0.08917684393560066, 0.0, 0.0, 0.0, 0.0, 0.019862545345665023, 0.15876851904519135, 0.016531275965054364, 0.0, 0.0, 
0.0, 0.0, 0.056059742559731174, 0.5103054031197696, 0.08797506893285462, 0.0, 0.0, 0.0, 0.0, 0.019945865086556692, 0.16316677543153854, 0.016921140197788457, 0.0, 0.0, 
0.0, 0.0, 0.054293626883883325, 0.5129963534362285, 0.08929500950778867, 0.0, 0.0, 0.0, 0.0, 0.02057538745988034, 0.17571254428601815, 0.01787896754624554, 0.0, 0.0, 
0.0, 0.0, 0.05395632516470897, 0.5081247135526812, 0.08955604693851879, 0.0, 0.0, 0.0, 0.0, 0.020603323280307704, 0.17545057494364255, 0.01767106995588708, 0.0, 0.0, 
0.0, 0.0, 0.05401841417949039, 0.5114026293642627, 0.08925064642004704, 0.0, 0.0, 0.0, 0.0, 0.018691024552221547, 0.17141461891271018, 0.017240227191443722, 0.0, 0.0, 
0.0, 0.0, 0.053206819082810185, 0.5046732038636764, 0.08703875661201566, 0.0, 0.0, 0.0, 0.0, 0.018669539232347102, 0.1750847463922464, 0.01707048792231283, 0.0, 0.0, 
0.0, 0.0, 0.05266209468933572, 0.49516042440730534, 0.08550061254146654, 0.0, 0.0, 0.0, 0.0, 0.01856555956760023, 0.1754393739830276, 0.014932695023302698, 0.0, 0.0, 
0.0, 0.0, 0.05335251175830175, 0.4884485305290589, 0.08485610161658841, 0.0, 0.0, 0.0, 0.0, 0.01855303728124324, 0.1729413784095413, 0.012464422869150006, 0.0, 0.0, 
0.0, 0.0, 0.0505295068879373, 0.4859086891335814, 0.0837748401530784, 0.0, 0.0, 0.0, 0.0, 0.01828907252796286, 0.1713849317345782, 0.012321273190764384, 0.0, 0.0, 
0.0, 0.0, 0.05097817928282651, 0.48915857536713, 0.08240664934265111, 0.0, 0.0, 0.0, 0.0, 0.01821173376371363, 0.17223017197057955, 0.012426260562510429, 0.0, 0.0, 
0.0, 0.0, 0.05046020066108636, 0.4959470950311052, 0.08260971254860684, 0.0, 0.0, 0.0, 0.0, 0.01850084859896606, 0.17703013792046285, 0.012572489416220321, 0.0, 0.0, 
0.0, 0.0, 0.04980793808284646, 0.4910113021076301, 0.07739241187411193, 0.0, 0.0, 0.0, 0.0, 0.018297591065035482, 0.17498023363745793, 0.012402482228198909, 0.0, 0.0, 
0.0, 0.0, 0.05086373810895641, 0.49463718976288507, 0.06763292651267797, 0.0, 0.0, 0.0, 0.0, 0.01868566629184018, 0.18151484981611254, 0.012264998904585135, 0.0, 0.0, 
0.0, 0.0, 0.05263480764129569, 0.4927526395251922, 0.058225262637783846, 0.0, 0.0, 0.0, 0.0, 0.018931413905932098, 0.18237454144333157, 0.012197776879362684, 0.0, 0.0, 
0.0, 0.0, 0.05799664594284476, 0.5065178730982146, 0.05860973092127571, 0.0, 0.0, 0.0, 0.0, 0.019704781656006497, 0.19185649262911506, 0.012553882404695581, 0.0, 0.0, 
0.0, 0.0, 0.05789506221877364, 0.5044226733810442, 0.05645536730963407, 0.0, 0.0, 0.0, 0.0, 0.02003803538897498, 0.19173868981634487, 0.012560933744482087, 0.0, 0.0, 
0.0, 0.0, 0.055725852350685064, 0.49470481173185377, 0.05449179455865639, 0.0, 0.0, 0.0, 0.0, 0.019827002375220643, 0.18484947949992575, 0.012303328501979138, 0.0, 0.0, 
0.0, 0.0, 0.05367118536848175, 0.4950499756057639, 0.053811668055253066, 0.0, 0.0, 0.0, 0.0, 0.01982647516130827, 0.18189580823901974, 0.01227063068723727, 0.0, 0.0, 
0.0, 0.0, 0.05992941408231261, 0.49110959961538314, 0.05334941617076821, 0.0, 0.0, 0.0, 0.0, 0.02040278055138375, 0.18237120185028025, 0.011439727046666213, 0.0, 0.0, 
0.0, 0.0, 0.061186019233356315, 0.5047601740606195, 0.05494914922557018, 0.0, 0.0, 0.0, 0.0, 0.02317144794457063, 0.19584218390507985, 0.01260497053230861, 0.0, 0.0, 
0.0, 0.0, 0.06319717159551942, 0.4991294875913894, 0.05394778137276857, 0.0, 0.0, 0.0, 0.0, 0.02309061004002904, 0.18767140231186327, 0.011452466508323697, 0.0, 0.0, 
0.0, 0.0, 0.06457020929915466, 0.49864517011844345, 0.05333033142913369, 0.0, 0.0, 0.0, 0.0, 0.023692115624675505, 0.18920782215750495, 0.011092228797267066, 0.0, 0.0, 
0.0, 0.0, 0.06868602297203108, 0.5063509142517907, 0.05438919626111576, 0.0, 0.0, 0.0, 0.0, 0.02649925569513909, 0.2076327443921683, 0.01023899285575669, 0.0, 0.0, 
0.0, 0.0, 0.0679470187204034, 0.49691625046673826, 0.05519699854024487, 0.0, 0.0, 0.0, 0.0, 0.026611705565236954, 0.20642698232303744, 0.011872682385862298, 0.0, 0.0, 
0.0, 0.0, 0.06858450023184448, 0.5008343798731248, 0.052171913579504174, 0.0, 0.0, 0.0, 0.0, 0.0260345236587294, 0.19787522352018896, 0.011216251365102467, 0.0, 0.0, 
0.0, 0.0, 0.06840144378660791, 0.4884564218980871, 0.04948530634656683, 0.0, 0.0, 0.0, 0.0, 0.029951673019705784, 0.1991546342308797, 0.012426274337407388, 0.0, 0.0, 
0.0, 0.0, 0.0664626714069922, 0.47698555492511996, 0.04853652224320692, 0.0, 0.0015344778649202331, 0.0, 0.0, 0.0277972779916838, 0.1905175958667496, 0.011998697915005395, 0.0, 0.0, 
0.0, 0.0, 0.06810927493107173, 0.4690864482670148, 0.04630502345350091, 0.0, 0.0017859951266248769, 0.0, 0.0, 0.029417393576560355, 0.1834113227881765, 0.011906368239998884, 0.0, 0.0, 
0.0, 0.0, 0.06977163675578353, 0.47855010677542864, 0.04630802718088887, 0.0, 0.003761322206414836, 0.0, 0.0, 0.02996509290321004, 0.1918062733960975, 0.01281113160143429, 0.0, 0.0, 
0.0, 0.0, 0.0734512071960854, 0.46915656461962296, 0.04482499411738593, 0.0, 0.0037086224259735194, 0.0, 0.0, 0.029498917672811865, 0.18284721278265315, 0.009333964583846416, 0.0, 0.0, 
0.0, 0.0, 0.07248710674717193, 0.4538139352887403, 0.04130611329806068, 0.0, 0.0, 0.0, 0.0, 0.02901342994049577, 0.18044401462110707, 0.009210739130827412, 0.0, 0.0, 
0.0, 0.0, 0.07338473807161362, 0.44401201532669254, 0.04058231675807661, 0.0, 0.0, 0.0, 0.0, 0.03201808172214485, 0.17904765638713216, 0.00898626519735166, 0.0, 0.0, 
0.0, 0.0, 0.07399365782871069, 0.44904873623403524, 0.03989537591034823, 0.0, 0.0, 0.0, 0.0, 0.03596689617180179, 0.18834513183255072, 0.008890473433464718, 0.0, 0.0, 
0.0, 0.0, 0.07261687718141853, 0.44263767646950414, 0.03988751686400743, 0.0, 0.0, 0.0, 0.0, 0.038439443784570315, 0.18518109432457308, 0.008978995713088092, 0.0, 0.0, 
0.0, 0.0, 0.07206610706629467, 0.43054780644523444, 0.03947317933115254, 0.0, 0.0, 0.0, 0.0, 0.041959253233431415, 0.17765298079936306, 0.008860139332083409, 0.0, 0.0, 
0.0, 0.0, 0.07049304914376148, 0.42317949316405346, 0.03670263578237825, 0.0, 0.0, 0.0, 0.0, 0.043031899152779746, 0.17779743981697677, 0.008661162469410948, 0.0, 0.0, 
0.0, 0.0, 0.06834316904362626, 0.4211877053659341, 0.03536493485221516, 0.0, 0.0, 0.0, 0.0, 0.04378696879305403, 0.18322059560788254, 0.008400133435487568, 0.0, 0.0, 
0.0, 0.0, 0.07266121024765641, 0.43041258617702716, 0.03369719410201575, 0.0, 0.0, 0.0, 0.0, 0.046134270126818165, 0.19369758072979634, 0.008935397748671131, 0.0, 0.0, 
0.0, 0.0, 0.07248246075723122, 0.423219029548214, 0.04118998037053931, 0.0, 0.0, 0.0, 0.0, 0.045604394567204554, 0.182767071564359, 0.009380736647495266, 0.0, 0.0, 
0.0, 0.0, 0.07045349059107756, 0.40747289691299454, 0.04162623566642845, 0.0, 0.0, 0.0, 0.0, 0.04432635543500648, 0.16665513912252639, 0.009501722416108312, 0.0, 0.0, 
0.0, 0.0, 0.07077409528884157, 0.4065943204850376, 0.040036171305057044, 0.0, 0.0, 0.0, 0.0, 0.043933021500561595, 0.17204613393933815, 0.009273554131147884, 0.0, 0.0, 
0.0, 0.0, 0.07691230438532627, 0.4100110627831434, 0.03989896415713042, 0.0, 0.0, 0.0, 0.0, 0.048370513782526374, 0.18955138701579713, 0.006437275683806906, 0.0, 0.0, 
0.0, 0.0, 0.08656931866795863, 0.4117923286104507, 0.033579139778153314, 0.0, 0.0, 0.0, 0.0, 0.05612684586789858, 0.1781186539982623, 0.006026041180663423, 0.0, 0.0, 
0.0, 0.0, 0.1031796517053141, 0.4638753980340853, 0.03596472859231069, 0.0, 0.0, 0.0, 0.0, 0.06767857580427186, 0.24430379248750328, 0.00631446960498207, 0.0, 0.0, 
0.0, 0.0, 0.10229906184707091, 0.41960338234808003, 0.030401251102105085, 0.0, 0.0, 0.0, 0.0, 0.05769334216804945, 0.2184219593932467, 0.0028896963099639275, 0.0, 0.0, 
0.0, 0.0, 0.11116705076799184, 0.4370242331778353, 0.022562866682235755, 0.0, 0.0, 0.0, 0.0, 0.05952715700453702, 0.22969450640509623, 0.0041717415953203, 0.0, 0.0, 
0.0, 0.0, 0.11726463858679274, 0.4344196961461111, 0.02201556970182733, 0.0, 0.0, 0.0, 0.0, 0.052345989862216, 0.22867151134329397, 0.0044955217280555765, 0.0, 0.0, 
0.0, 0.0, 0.12464712235602365, 0.4436741903869031, 0.022240239843876422, 0.0, 0.0, 0.0, 0.0, 0.054391800162646484, 0.2311251310248592, 0.004413552039829351, 0.0, 0.0, 
0.0, 0.0, 0.12877654226726734, 0.45610225485100225, 0.02120473119644431, 0.0, 0.0, 0.0, 0.0, 0.056760144873781, 0.23732828647545, 0.005498640373326348, 0.0, 0.0, 
0.0, 0.0, 0.12607641475158657, 0.4399100132193313, 0.016431533008345777, 0.0, 0.0, 0.0, 0.0, 0.054231989796305315, 0.23688252858541642, 0.0054270798979782564, 0.0, 0.0, 
0.0, 0.0, 0.1323666909581279, 0.4335521860484801, 0.012327969223606263, 0.0, 0.0, 0.0, 0.0, 0.06105698977403627, 0.23697651666960715, 0.0067994158634708006, 0.0, 0.0, 
0.0, 0.0, 0.13091725481032698, 0.41433577366808977, 0.009947495205089703, 0.0, 0.0, 0.0, 0.0, 0.06745162004286133, 0.252530525820944, 0.007101757340090228, 0.0, 0.0, 
0.0, 0.0, 0.12536612075108225, 0.4090787489505661, 0.009558588654815443, 0.0, 0.0, 0.0, 0.0, 0.066293114331423, 0.2454459739463136, 0.007127563763513859, 0.0, 0.0, 
0.0, 0.0, 0.11815946959095205, 0.4079065790910654, 0.010631610550219196, 0.0, 0.0, 0.0, 0.0, 0.06856423467734159, 0.24731173473422988, 0.0077080647585987165, 0.0, 0.0, 
0.0, 0.0, 0.11804947751621857, 0.42602190461429895, 0.01874652329725124, 0.0, 0.0, 0.0, 0.0, 0.0727901692531365, 0.29133169360562516, 0.015563607444056542, 0.0, 0.0, 
0.0, 0.0, 0.11131614322719503, 0.4276772631016922, 0.034410032772229836, 0.0, 0.0, 0.0, 0.0, 0.07332425313777809, 0.30764623611475556, 0.0301209164262494, 0.0, 0.0, 
0.0, 0.0, 0.11211122248075954, 0.4404285337955292, 0.03737803707222561, 0.0, 0.0, 0.0, 0.0, 0.08189755937446333, 0.33513011889956507, 0.031726819730440954, 0.0, 0.0, 
0.0, 0.0, 0.11193413074149057, 0.451061888773177, 0.041027778573601306, 0.0, 0.0, 0.0, 0.0, 0.08639934295596033, 0.34965220392090907, 0.032589612732531144, 0.0, 0.0, 
0.0, 0.0, 0.10594448138942736, 0.4501217046045078, 0.041315345043993576, 0.0, 0.0, 0.0, 0.0, 0.0859890471133798, 0.34870967104994044, 0.03298188974638969, 0.0, 0.0, 
0.0, 0.0, 0.09617712325291373, 0.4455667961453399, 0.04586520903904718, 0.0, 0.0, 0.0, 0.0, 0.07891904192564034, 0.34643117894380243, 0.03527139364178675, 0.0, 0.0, 
0.0, 0.0, 0.09025910086966601, 0.439554449899498, 0.051876554007295086, 0.0, 0.0, 0.0, 0.0, 0.07946724305936059, 0.3382449391088014, 0.036164247569763046, 0.0, 0.0, 
0.0, 0.0, 0.08328695310529449, 0.41882331591347105, 0.06466485580971398, 0.0, 0.0, 0.0, 0.0, 0.0775751305355825, 0.3287116594695972, 0.03508024438358889, 0.0, 0.0, 
0.0, 0.0, 0.07890084716575908, 0.41859523987099806, 0.06773696151122369, 0.0, 0.0, 0.0, 0.0, 0.08057847976928983, 0.34589582822633375, 0.03819338416188843, 0.0, 0.0, 
0.0, 0.0, 0.07714411666270127, 0.41917911020866766, 0.06781718349855935, 0.0, 0.0, 0.0, 0.0, 0.08117974285591328, 0.3371597167551939, 0.04115119871918465, 0.0, 0.0, 
0.0, 0.0, 0.08516556601037209, 0.4204565559683792, 0.07033755250824605, 0.0, 0.0, 0.0, 0.0, 0.09042172260202103, 0.3608583517908178, 0.04813577854075939, 0.0, 0.0, 
0.0, 0.0, 0.07981321514638401, 0.4134550248484887, 0.06781885191586709, 0.0, 0.0, 0.0, 0.0, 0.09297760891643611, 0.3421369420748461, 0.040951400175141615, 0.0, 0.0, 
0.0, 0.0, 0.0814650414015707, 0.41909320548943685, 0.06385637829496771, 0.0, 0.0, 0.0, 0.0, 0.0981213181751965, 0.33612321974165155, 0.03440672847952637, 0.0, 0.0, 
0.0, 0.0, 0.07199419036226495, 0.38038831626658137, 0.06170558285258136, 0.0, 0.0, 0.0, 0.0, 0.08109785858798864, 0.2987785624303549, 0.032620457254989334, 0.0, 0.0, 
0.0, 0.0, 0.07680364535883154, 0.3735596720715607, 0.061949469666014306, 0.0, 0.0, 0.0, 0.0, 0.07948769352915482, 0.2929714970920924, 0.03382948172062092, 0.0, 0.0, 
0.0, 0.0, 0.0803319453325426, 0.37474949800365803, 0.055704091463455896, 0.0, 0.0, 0.0, 0.0, 0.08018532009433244, 0.29375359428552117, 0.02899963403900751, 0.0, 0.0, 
0.0, 0.0, 0.08373204848515127, 0.3842729908973671, 0.04711692215088066, 0.0, 0.0, 0.0, 0.0, 0.0833697377375012, 0.31652168947334736, 0.030053386277480266, 0.0, 0.0, 
0.0, 0.0, 0.08462676081431662, 0.3803238167580232, 0.04351762443902207, 0.0, 0.0, 0.0, 0.0, 0.0872306146553659, 0.3169101589137022, 0.029979834049159312, 0.0, 0.0, 
0.0, 0.0, 0.09185533547675107, 0.38262787263070874, 0.04099784965122342, 0.0, 0.0, 0.0, 0.0, 0.08753801604821025, 0.29782300117362104, 0.031435773064590486, 0.0, 0.0, 
0.0, 0.0, 0.09887732766413118, 0.39214949433241764, 0.042091191228062645, 0.0, 0.0, 0.0, 0.0, 0.09964687415019152, 0.30982650053562627, 0.030855512588937692, 0.0, 0.0, 
0.0, 0.0, 0.11067917874606503, 0.3964213073966547, 0.046043976300268824, 0.0, 0.0, 0.0, 0.0, 0.10643058927117553, 0.32017054899631636, 0.03255311675001657, 0.0, 0.0, 
0.0, 0.0, 0.11031695092083567, 0.40476134278060205, 0.046146350817963165, 0.0, 0.0, 0.0, 0.0, 0.10473999365328557, 0.3272923270675065, 0.032180344374994764, 0.0, 0.0, 
0.0, 0.0, 0.11274570494706507, 0.4172416923242005, 0.050258093188342394, 0.0, 0.0, 0.0, 0.0, 0.11074530577806392, 0.38088352849410884, 0.03379182517425552, 0.0, 0.0, 
0.0, 0.0, 0.11835644193016273, 0.42222339502454614, 0.05109059038600834, 0.0, 0.0, 0.0, 0.0, 0.11480938076924685, 0.4031283729507652, 0.03279988926665437, 0.0, 0.0, 
0.0, 0.0, 0.12436039769078126, 0.4154365751957769, 0.05109414718241158, 0.0, 0.0, 0.0, 0.0, 0.11831733844661106, 0.3958053044346149, 0.030633027747298907, 0.0, 0.0, 
0.0, 0.0, 0.12695269210062388, 0.400236411066144, 0.04587923017355199, 0.0, 0.0, 0.0, 0.0, 0.12868366157597907, 0.3818114734976468, 0.02759023129900295, 0.0, 0.0, 
0.0, 0.0, 0.1366978301021247, 0.4112286332501808, 0.04922998357080979, 0.0, 0.0, 0.0, 0.0, 0.13471851743483465, 0.3877141183238017, 0.027943817589263384, 0.0, 0.0, 
0.0, 0.0, 0.15984919178735613, 0.4332746241486881, 0.04771722633771661, 0.0, 0.0, 0.0, 0.0, 0.15264035774479712, 0.4118878232767316, 0.025722758791744665, 0.0, 0.0, 
0.0, 0.0, 0.1686055849137334, 0.4443884329567983, 0.046102789584078825, 0.0, 0.0, 0.0, 0.0, 0.1506819896580907, 0.4064271342385439, 0.02517810416268685, 0.0, 0.0, 
0.0, 0.0, 0.1810342012936913, 0.4291399469927218, 0.04621670015128087, 0.0, 0.0, 0.0, 0.0, 0.14937631654278552, 0.38410181383359343, 0.022037485857766596, 0.0, 0.0, 
0.0, 0.0, 0.19176110855050812, 0.4314775075077335, 0.04286896319074937, 0.0, 0.0, 0.0, 0.0, 0.15430273403965278, 0.38333528798950106, 0.022640941734957832, 0.0, 0.0, 
0.0, 0.0, 0.1977418042917348, 0.4278169003932674, 0.0339772149724701, 0.0, 0.0, 0.0, 0.0, 0.1556615567973438, 0.39609371983237285, 0.022307711674376594, 0.0, 0.0, 
0.0, 0.0, 0.2145372844994151, 0.44106719348785756, 0.03355429022632567, 0.0, 0.0, 0.0, 0.0, 0.15892613303380235, 0.3998917233898336, 0.02347171387809909, 0.0, 0.0, 
0.0, 0.0, 0.226846289225404, 0.4423834460150315, 0.03263615946668542, 0.0, 0.0, 0.0, 0.0, 0.16381624940426576, 0.4001539237694251, 0.02287810047375542, 0.0, 0.0, 
0.0, 0.0, 0.23822669829091833, 0.4475194307897237, 0.028875290138190814, 0.0, 0.0, 0.0, 0.0, 0.17489567477609794, 0.3911039163330272, 0.02422304111911157, 0.0, 0.0, 
0.0, 0.0, 0.24033329645993934, 0.4528809476635982, 0.026591237917427575, 0.0, 0.0, 0.0, 0.0, 0.16939023331837055, 0.38288089444646983, 0.023445302952471683, 0.0, 0.0, 
0.0, 0.0, 0.2541235039096244, 0.4454414313665068, 0.021290437749776125, 0.0, 0.0, 0.0, 0.0, 0.18769669210974638, 0.3965633244548782, 0.02102884262606936, 0.0, 0.0, 
0.0, 0.0, 0.25508013217107395, 0.43158468643466436, 0.019839899890436774, 0.0, 0.0, 0.0, 0.0, 0.17836590602957747, 0.350688472460708, 0.01412731004652459, 0.0, 0.0, 
0.0, 0.0, 0.26383556153291027, 0.44017398842152416, 0.019011135331559133, 0.0, 0.0, 0.0, 0.0, 0.1900486199140427, 0.36710665118616664, 0.009396408046113879, 0.0, 0.0, 
0.0, 0.0, 0.258997021887195, 0.4264141993477022, 0.016691533054832168, 0.0, 0.0, 0.0, 0.0, 0.19445512462266368, 0.3597858690216806, 0.009483589231435307, 0.0, 0.0, 
0.0, 0.0, 0.28199130955745455, 0.43935764451927317, 0.01283628022633302, 0.0, 0.0, 0.0, 0.0, 0.2014302016284971, 0.36205890775157823, 0.00807153058715126, 0.0, 0.0, 
0.0, 0.0, 0.2763979396480487, 0.4153696551341684, 0.011142596571295826, 0.0, 0.0, 0.0, 0.0, 0.1896436811789605, 0.32706617532131993, 0.007893349284623057, 0.0, 0.0, 
0.0, 0.0, 0.30170580665318814, 0.42212415269090164, 0.015367010471862917, 0.0, 0.0, 0.0, 0.0004975469831525961, 0.2099354757653716, 0.35519596767390854, 0.00940516814763535, 0.0, 0.0, 
0.0, 0.0, 0.3176704191280858, 0.4077301086409452, 0.017569139785012892, 0.0, 0.0, 0.0, 0.0010492117242315996, 0.21504555087366156, 0.33995521747474466, 0.009019552791852006, 0.0, 0.0, 
0.0, 0.0, 0.3134312854636507, 0.3872461065342627, 0.022285816083350445, 0.0, 0.0, 0.0, 0.0011126711347325196, 0.2251864434825246, 0.3327765795220399, 0.009470904948738366, 0.0, 0.0, 
0.0, 0.0, 0.34278069928467075, 0.4175938326860632, 0.03121658733948983, 0.0, 0.0, 0.0, 0.0020210106947900976, 0.26482338233089364, 0.38708127808202053, 0.010703484940544338, 0.0, 0.0, 
0.0, 0.0, 0.34849276947424696, 0.4360248234321381, 0.03483840370275942, 0.0, 0.0, 0.0, 0.0032319773636598336, 0.28853960060731165, 0.4239439820913803, 0.01445115671084234, 0.0, 0.0, 
0.0, 0.0, 0.31589216040574064, 0.41829519377132945, 0.036054166967990374, 0.0, 0.0, 0.0, 0.0013994487007252371, 0.27953402144389583, 0.39588391974172715, 0.014520040227786631, 0.0, 0.0, 
0.0, 0.0, 0.29697980869219637, 0.4068265680611291, 0.03753887700898587, 0.0, 0.0, 0.0, 0.0013889920788175045, 0.28456609781611225, 0.38276353964840915, 0.01691696700809926, 0.0, 0.0, 
0.0, 0.0, 0.29273266008753795, 0.41085166719224187, 0.04554203111802792, 0.0, 0.0, 0.0, 0.0005297894628359946, 0.28781652571361527, 0.3773570689943711, 0.022849272826749922, 0.0, 0.0, 
0.0, 0.0, 0.29458604524562104, 0.4188089081442223, 0.05659657116646107, 0.0, 0.0, 0.0, 0.000977598798331419, 0.2958857935216184, 0.3826148121982242, 0.02423426183615514, 0.0, 0.0, 
0.0, 0.0, 0.2838429189005125, 0.41470543841912433, 0.05924505693309302, 0.0, 0.0, 0.0, 0.0009982854950533041, 0.2914301945543408, 0.3778684482907494, 0.02497339635333641, 0.0, 0.0, 
0.0, 0.0, 0.302711160499139, 0.4332250995473142, 0.06720676736857123, 0.0, 0.0, 0.0, 0.0028351022165745325, 0.3194439099545695, 0.42161372098118083, 0.030134218270531782, 0.0, 0.0, 
0.0, 0.0, 0.3022364118792552, 0.445854727991831, 0.06907357380372853, 0.0, 0.0, 0.0, 0.0032143952432661543, 0.3232574473135426, 0.43214851376608615, 0.03180863845242678, 0.0, 0.0, 
0.0, 0.0, 0.29787208808236515, 0.42414754029955865, 0.06522096697250092, 0.0, 0.0, 0.0, 0.0028311535469609985, 0.31458946035474206, 0.40194459971404695, 0.026956695409207244, 0.0, 0.0, 
0.0, 0.0, 0.31237149129527686, 0.4392270768424574, 0.06560452600277081, 0.0, 0.0, 0.0, 0.003626544182202149, 0.3418603903270046, 0.4118023835628229, 0.02820687744886676, 0.0, 0.0, 
0.0, 0.0, 0.31060347056872284, 0.43112323521497303, 0.06365499531666033, 0.0, 0.0, 0.0, 0.0037057590715803695, 0.3331916250969287, 0.37933809710553223, 0.026461976025827436, 0.0, 0.0, 
0.0, 0.0005543379186784792, 0.31076183076193964, 0.43009789690186, 0.061646277917807676, 0.0, 0.0, 0.0, 0.00659635757314633, 0.3410115351308882, 0.36734048882177106, 0.026031355369918234, 0.0, 0.0, 
0.0, 0.0007326919745935587, 0.3277479901471908, 0.4378416050702498, 0.05807816247926875, 0.0, 0.0, 0.0, 0.006289861858355365, 0.35140234435130613, 0.3617515885768163, 0.025097880779866112, 0.0, 0.0, 
0.0, 0.0007203958457346981, 0.328093893454405, 0.43056450014223996, 0.0537021412605754, 0.0, 0.0, 0.0, 0.004996055374391392, 0.3365154404178423, 0.34045136229723594, 0.024010204597492733, 0.0, 0.0, 
0.0, 0.0014661408511678956, 0.35490330704943357, 0.43567599527754386, 0.051955521952381595, 0.0, 0.0, 0.0, 0.008107299563754373, 0.34870366929327, 0.3592827160567158, 0.024510635314620183, 0.0, 0.0, 
0.0, 0.001538473034313119, 0.3651241953458874, 0.43707169577684035, 0.048183606865218664, 0.0, 0.0, 0.0, 0.006047152825741459, 0.35326470781793345, 0.3486884864320381, 0.02342546113828765, 0.0, 0.0, 
0.0, 0.001565675359146315, 0.3742256557104995, 0.4390641001472223, 0.04571434175339115, 0.0, 0.0, 0.0, 0.006426769694859979, 0.3606519907764332, 0.34581944045903973, 0.022595121140017417, 0.0, 0.0, 
0.0, 0.0016208550274123762, 0.3865445531286183, 0.4448202513674324, 0.04020434915445748, 0.0, 0.0, 0.0, 0.006870585565834498, 0.3662245339085354, 0.34917432824333694, 0.023224253360462292, 0.0, 0.0, 
0.0, 0.0017319652994231844, 0.4084282609647054, 0.454988227997406, 0.03543392601065613, 0.0, 0.0, 0.0, 0.00906244271618336, 0.40418905188941856, 0.3618694285574759, 0.02431240824140512, 0.0, 0.0, 
0.0, 0.0022909023462547124, 0.41738246020745073, 0.4622088083222195, 0.035584157944490304, 0.0, 0.0, 0.0, 0.007195685251492642, 0.4077156964196876, 0.3872883094456582, 0.022484949297397232, 0.0, 0.0, 
0.0, 0.0025081769745273234, 0.41524721191461705, 0.4544330171133918, 0.03260534591675262, 0.0, 0.0, 0.0, 0.006192674083796003, 0.41572538538545123, 0.3813255217118202, 0.02115257108873514, 0.0, 0.0, 
0.0, 0.002800174537336825, 0.41880075003181116, 0.4612917731227313, 0.03297326832149836, 0.0, 0.0, 0.0, 0.007221984129948229, 0.42674111958166805, 0.38120291299141923, 0.02121933403481937, 0.0, 0.0, 
0.0, 0.00314146468647704, 0.44556921273705824, 0.4806625656505763, 0.032216941504667404, 0.0, 0.0, 0.0, 0.006882850797670401, 0.45534943186268856, 0.3957806983349185, 0.020067970826675118, 0.0, 0.0, 
0.0, 0.0028984298916078562, 0.43118140170427677, 0.4629166449628147, 0.02738063787611749, 0.0, 0.0, 0.0, 0.004791362678146523, 0.42257272007316804, 0.3638067745093348, 0.01913910782475646, 0.0, 0.0, 
0.0, 0.0028852522372427537, 0.4482880077465663, 0.4633002404017916, 0.025914607277657195, 0.0, 0.0, 0.0, 0.004271159144000456, 0.427926960093019, 0.3724517388954575, 0.018767197537732736, 0.0, 0.0, 
0.0, 0.0047013822359891445, 0.4691237787210016, 0.47174761908262847, 0.023158053104375485, 0.0, 0.0, 0.0, 0.007476745981252747, 0.43972613613543265, 0.3845452103500641, 0.020972818988597777, 0.0, 0.0, 
0.0, 0.009330828847271948, 0.4783310184017329, 0.47211502622748536, 0.028890602625277335, 0.0, 0.0, 0.0, 0.011039893141465265, 0.4486379585772475, 0.38031640056602223, 0.02269117572269059, 0.0, 0.0, 
0.0, 0.010662374376792544, 0.4763089370743752, 0.4612208590053957, 0.030782678416945757, 0.0, 0.0, 0.0, 0.01259810592800073, 0.43791710199015105, 0.37746696943518915, 0.02460423625453569, 0.0, 0.0, 
0.0, 0.013111306013114311, 0.4809701648708688, 0.44738215517463886, 0.033584510081969894, 0.0, 0.0, 0.0, 0.012665597923133784, 0.4337725613857578, 0.36945775535093117, 0.024333500271556455, 0.0, 0.0, 
0.0, 0.013369213038426937, 0.46813766950790475, 0.42748776418235046, 0.03399736427222511, 0.0, 0.0, 0.0, 0.009230984410844457, 0.40421038732034337, 0.3389197274091707, 0.02409424448211051, 0.0, 0.0, 
0.0, 0.01694065718036067, 0.4823811471771459, 0.41593993644220106, 0.03227244884877272, 0.0, 0.0, 0.0, 0.012294218567840562, 0.4009127942668036, 0.322710497874274, 0.020366158879168778, 0.0, 0.0, 
0.0, 0.01910887836369074, 0.5068629879531432, 0.4216039574716163, 0.03419316317668426, 0.0, 0.0, 0.0, 0.01557147231938518, 0.41899055723674133, 0.3363788725332693, 0.0203480547717346, 0.0, 0.0, 
0.0, 0.02030588860755753, 0.5136364833685885, 0.4191531163439691, 0.035870057956671704, 0.0, 0.0, 0.0, 0.021960141239708308, 0.4269364628078376, 0.3365625058250127, 0.01954745958769808, 0.0, 0.0, 
0.0, 0.026492727203197227, 0.49474942899521407, 0.40021809648774864, 0.03486747645504093, 0.0, 0.0, 0.0, 0.021650918851457028, 0.4225894039506765, 0.3197280026358682, 0.014961689870094986, 0.0, 0.0, 
0.0, 0.0290256109425546, 0.5065087744316786, 0.4024948221352289, 0.03406162281573969, 0.0, 0.0, 0.0, 0.016568644342238332, 0.42765963379383215, 0.31318370531035333, 0.014817938005548134, 0.0, 0.0, 
0.0, 0.033326943968773406, 0.5105319206729317, 0.4031518081006437, 0.03469575516728987, 0.0, 0.0, 0.0, 0.022784767359464598, 0.4459814526835321, 0.32078691027738004, 0.014746469880376683, 0.0, 0.0, 
0.0, 0.0356521954304814, 0.5191607921348594, 0.4106732308114146, 0.03473888103782612, 0.0, 0.0, 0.0, 0.024126516553660864, 0.4634637671932487, 0.32830362709535515, 0.013513578159500004, 0.0, 0.0, 
0.0, 0.041678711700083144, 0.5195642541385861, 0.4084650979244572, 0.03567257127399988, 0.0, 0.0, 0.0, 0.0271047766500079, 0.4583140020435122, 0.32951456150219, 0.010472669981216046, 0.0, 0.0, 
0.0, 0.04648731334352815, 0.5326300104712006, 0.4096643708652094, 0.029847793971387003, 0.0, 0.0, 0.0, 0.029786355848694237, 0.4645516941990945, 0.33296337497470807, 0.00881866514437623, 0.0, 0.0, 
0.0, 0.047880823747490114, 0.5474039360636652, 0.4165404573104501, 0.029145505351802832, 0.0, 0.0, 0.0, 0.034245347184090114, 0.47592590568097376, 0.34086513286914427, 0.009233707100684224, 0.0, 0.0, 
0.0, 0.05119419528150408, 0.5555660944538416, 0.41519359098867825, 0.027060455181671265, 0.0, 0.0, 0.0, 0.03594814973078965, 0.4804124351572739, 0.34307669769724325, 0.008999238076212474, 0.0, 0.0, 
0.0, 0.05334212690765216, 0.531384673635038, 0.3891810714741322, 0.023739786997526893, 0.0, 0.0, 0.0, 0.036209684070238404, 0.4372946025972024, 0.300270429933406, 0.007738055156479016, 0.0, 0.0, 
0.0, 0.05193416861538483, 0.5131623351081964, 0.3717417042645328, 0.02074379090093861, 0.0, 0.0, 0.0, 0.03924713352300039, 0.4093617564892377, 0.2756239949497914, 0.006490399227724477, 0.0, 0.0, 
0.0, 0.05639411492084578, 0.5110435585980118, 0.3685114115507398, 0.01861796531714909, 0.0, 0.0, 0.0, 0.03939304221497328, 0.40165523848607787, 0.2580850233893199, 0.004416189083552298, 0.0, 0.0, 
0.0, 0.05657713679891219, 0.5076059265460583, 0.36431102698774287, 0.018332817122775416, 0.0, 0.0, 0.0, 0.03953927907747359, 0.4013091547137571, 0.26092562278117765, 0.004337635637214809, 0.0, 0.0, 
0.0, 0.057169218840515165, 0.5080612865476453, 0.36747446897128583, 0.018564396940266188, 0.0, 0.0, 0.0, 0.04023072560058118, 0.40079679013732455, 0.26725549667440274, 0.0044219004609767866, 0.0, 0.0, 
0.0, 0.05839056164851708, 0.5132228337439757, 0.3726999542954193, 0.018458229453553292, 0.0, 0.0, 0.0, 0.04239475329453053, 0.4058886397775925, 0.27788519687117036, 0.004480030087882178, 0.0, 0.0, 
0.0, 0.05935730030610432, 0.5162762664181044, 0.37751174247079633, 0.01797898473225419, 0.0, 0.0, 0.0, 0.042212798636656466, 0.4001503209214593, 0.27789732055388666, 0.004365974693031481, 0.0, 0.0, 
0.0, 0.060156659619288025, 0.5121563186325018, 0.37473028772470995, 0.01754743731546479, 0.0, 0.0, 0.0, 0.04141598451290253, 0.3943000172263086, 0.26978499601074857, 0.004300680011274441, 0.0, 0.0, 
0.0, 0.06251660948758087, 0.5147700519371811, 0.3718370166211927, 0.01641340293026492, 0.0, 0.0, 0.0, 0.041908360993622044, 0.3961652738066579, 0.26305030061680645, 0.0042193177080747215, 0.0, 0.0, 
0.0, 0.06334936633541956, 0.5169143491890693, 0.37245747778034405, 0.01640542086924682, 0.0, 0.0, 0.0, 0.04205241487369911, 0.39526168667500977, 0.26391691162222636, 0.003986081582403978, 0.0, 0.0, 
0.0, 0.0635202611744981, 0.5134592575513347, 0.3687299267210285, 0.016242850399426266, 0.0, 0.0, 0.0, 0.04177525342229234, 0.392541270897922, 0.25803674511522345, 0.0016439700619102684, 0.0, 0.0, 
0.0, 0.06409569618100969, 0.5125638191420419, 0.3685177553208056, 0.016106712284473686, 0.0, 0.0, 0.0, 0.042553168764849936, 0.3931432193833368, 0.25640316218353826, 0.0016359308232970792, 0.0, 0.0, 
0.0, 0.06587146776336829, 0.514342576124117, 0.36832445219990095, 0.016090524335026817, 0.0, 0.0, 0.0, 0.04209306421090922, 0.3914562514400223, 0.2566644178037374, 0.0016603661756589962, 0.0, 0.0, 
0.0, 0.0666374094709048, 0.5173720654522675, 0.37210003943896475, 0.01625521319571595, 0.0, 0.0, 0.0, 0.04228764306360831, 0.3891510658459826, 0.2560683547249953, 0.0016563605341644292, 0.0, 0.0, 
0.0, 0.0658689604211975, 0.5109634375527999, 0.36622377459174993, 0.015852342438394673, 0.0, 0.0, 0.0, 0.043390200748153675, 0.38524166375836305, 0.2532371328277828, 0.0016338381523987844, 0.0, 0.0, 
0.0, 0.06833004686562785, 0.5196469228349921, 0.3722428418075866, 0.016063358176750853, 0.0, 0.0, 0.0, 0.04481327277387104, 0.3907297456380217, 0.2611879770253896, 0.0016864677233113094, 0.0, 0.0, 
0.0, 0.07214953401169927, 0.5086630995505738, 0.36712857139278005, 0.014280890494692758, 0.0, 0.0, 0.0, 0.04480562680277098, 0.3775123913567142, 0.2545756907128171, 0.0016792917093336208, 0.0, 0.0, 
0.0, 0.07294007323646488, 0.5098455411816966, 0.36560327124585085, 0.012852227475209735, 0.0, 0.0, 0.0, 0.04524881305583409, 0.3854328592111556, 0.2616513182221792, 0.0017000393907035346, 0.0, 0.0, 
0.0, 0.07532451866687992, 0.5175927891770772, 0.3719243761473622, 0.012964851645043289, 0.0, 0.0, 0.0, 0.04600987238398862, 0.38556418681978766, 0.2626450566254035, 0.0017245413167808433, 0.0, 0.0, 
0.0, 0.073245793281824, 0.4984303317051313, 0.35617155588703164, 0.012180845286979672, 0.0, 0.0, 0.0, 0.042422818002326675, 0.36196556910385225, 0.23908773329087032, 0.0016051446916468455, 0.0, 0.0, 
0.0, 0.07616971871937442, 0.501702732070274, 0.3560382535941403, 0.0120824463423618, 0.0, 0.0, 0.0, 0.043968815853946144, 0.3601184281122684, 0.2330263249686634, 0.0015746952270360287, 0.0, 0.0, 
0.0, 0.07641601463154585, 0.5069491961047237, 0.361350236372109, 0.012270053110233518, 0.0, 0.0, 0.0, 0.04384047367628977, 0.36920436601431, 0.24314320187353247, 0.0016004727723239994, 0.0, 0.0, 
0.0, 0.07699736942449287, 0.5112288840421395, 0.36544595027237775, 0.012413317436636939, 0.0, 0.0, 0.0, 0.04619144717462456, 0.3771452145814367, 0.24884556373378153, 0.001629565954544006, 0.0, 0.0, 
0.0, 0.07612738392668107, 0.5050339288332965, 0.36042744289915507, 0.010517124011086792, 0.0, 0.0, 0.0, 0.04579351919223922, 0.3724348043392172, 0.24563642488952506, 0.001598369747993815, 0.0, 0.0, 
0.0, 0.07700344018060905, 0.5091611190772307, 0.36332726803940807, 0.012039928692742083, 0.0, 0.0, 0.0, 0.04604532386237823, 0.37375921298109116, 0.24652885541459912, 0.0016148275151969308, 0.0, 0.0, 
0.0, 0.07781911448788732, 0.5133054653383354, 0.3644273518634688, 0.011991211721444834, 0.0, 0.0, 0.0, 0.048874360642722624, 0.37973297730638256, 0.2544221592496888, 0.0016174250595771627, 0.0, 0.0, 
0.0, 0.07974095656858077, 0.524438551246742, 0.37261310423746996, 0.012343198725011871, 0.0, 0.0, 0.0, 0.05016002210286619, 0.3855596558231033, 0.2641193332314974, 0.0016268401419114707, 0.0, 0.0, 
0.0, 0.07821280288337129, 0.5158564692582885, 0.3668532080686404, 0.01042750791151161, 0.0, 0.0, 0.0, 0.04924005027186624, 0.38106513874768727, 0.2610605297184254, 0.0016025607266325489, 0.0, 0.0, 
0.0, 0.07872106260443422, 0.5163226327051679, 0.3671749745800657, 0.007227800185881831, 0.0, 0.0, 0.0, 0.04913466392029691, 0.37799520136338244, 0.2575522863772862, 0.0015766141985506573, 0.0, 0.0, 
0.0, 0.07882124976904029, 0.5189774208803816, 0.3680023431337973, 0.007221665095886712, 0.0, 0.0, 0.0, 0.04969021170141466, 0.3841157639625177, 0.26379595173299464, 0.0016217811518260674, 0.0, 0.0, 
0.0, 0.07691100924389765, 0.5180543119427687, 0.3644946121267647, 0.007148808272453564, 0.0, 0.0, 0.0, 0.04975029761622823, 0.3885989841656224, 0.26562105920781703, 0.0016340437180763006, 0.0, 0.0, 
0.0, 0.07802910629100612, 0.515065012242841, 0.363698139769131, 0.0070358726100769415, 0.0, 0.0, 0.0, 0.04932484825065777, 0.385684955891829, 0.2639121053152695, 0.0016263505030320773, 0.0, 0.0, 
0.0, 0.07866712958927567, 0.5171706070051292, 0.36840771658485005, 0.006602179168520955, 0.0, 0.0, 0.0, 0.05007676394217235, 0.3942889966027505, 0.26949048814062304, 0.001681866177301115, 0.0, 0.0, 
0.0, 0.0787004088430088, 0.5174126627039423, 0.3684721517945622, 0.0065620981390570494, 0.0, 0.0, 0.0, 0.04995705421955172, 0.390623490801031, 0.2667842299339087, 0.0016868597341916083, 0.0, 0.0, 
0.0, 0.07626919586528245, 0.5016309983035281, 0.35550457522925216, 0.006236866545922566, 0.0, 0.0, 0.0, 0.047469761612564, 0.3687382918704273, 0.2417286182704152, 0.0015717800923455245, 0.0, 0.0, 
0.0, 0.07626002070651146, 0.5033715839484135, 0.35471073932731007, 0.006260130873810403, 0.0, 0.0, 0.0, 0.04883171071642252, 0.3670849332233669, 0.23827891648788266, 0.0015934370708543546, 0.0, 0.0, 
0.0, 0.07905482322165013, 0.508541657931407, 0.3580276988951381, 0.006311299694827488, 0.0, 0.0, 0.0, 0.0494069419515227, 0.36517282856288985, 0.23581219837172687, 0.0008159104573121043, 0.0, 0.0, 
0.0, 0.08083698311021348, 0.509513291671014, 0.3585199875559487, 0.006242006570505877, 0.0, 0.0, 0.0, 0.049962070762649954, 0.36770819350073003, 0.23459002183325636, 0.0008200827740448203, 0.0, 0.0, 
0.0, 0.08241389419080405, 0.5161227402886953, 0.359268026085332, 0.005365669724157296, 0.0, 0.0, 0.0, 0.05127922718845266, 0.37842447400297885, 0.2337179883790829, 0.0008139147188272568, 0.0, 0.0, 
0.0, 0.08309845530166116, 0.523800834518512, 0.36167922851627904, 0.005445000212990398, 0.0, 0.0, 0.0, 0.05164951595601076, 0.38243208358014014, 0.23288673519315084, 0.0008155022471969039, 0.0, 0.0, 
0.0, 0.08453457264131929, 0.5279140720846417, 0.36427985400372603, 0.005321141955713718, 0.0, 0.0, 0.0, 0.05229809195071351, 0.38649983068097715, 0.2401161104213018, 0.0008274894443160294, 0.0, 0.0, 
0.0, 0.08538977588127111, 0.5313589301192916, 0.36892854951061427, 0.005396947637863355, 0.0, 0.0, 0.0, 0.05167618094181527, 0.3865333701771569, 0.2450724424497376, 0.0008509908472539272, 0.0, 0.0, 
0.0, 0.08609681987070839, 0.5334168940170633, 0.3715772243986115, 0.005421975065755243, 0.0, 0.0, 0.0, 0.05154209210973021, 0.3888554926283512, 0.24558696641035982, 0.000858811358070625, 0.0, 0.0, 
0.0, 0.08609264457694928, 0.532879131509474, 0.3704916503273565, 0.0053063115791507215, 0.0, 0.0, 0.0, 0.051609731789184494, 0.396333435998714, 0.2515696670902989, 0.0008567219891723292, 0.0, 0.0, 
0.0, 0.08583384303713779, 0.5292905119734933, 0.367532195952167, 0.004562668515150702, 0.0, 0.0, 0.0, 0.050968984833183476, 0.39558739990143876, 0.2529192060546308, 0.0008809546328097722, 0.0, 0.0, 
0.0, 0.09019608532396609, 0.5338905338734617, 0.3678536067106851, 0.004422918620758977, 0.0, 0.0, 0.0, 0.0527275181358651, 0.389192186212029, 0.2567165105671251, 0.0008317649408643548, 0.0, 0.0, 
0.0, 0.09519830072267418, 0.528532692763006, 0.3645319809242049, 0.005258758816434043, 0.0, 0.0, 0.0, 0.06118478819516599, 0.3872830407357728, 0.25348964492516896, 0.0007898053745378349, 0.0, 0.0, 
0.0, 0.11072373358911412, 0.5502944766540219, 0.3739869786669061, 0.0053951571549526855, 0.0, 0.0, 0.0, 0.07957874462172833, 0.4278256403421553, 0.27831972006650685, 0.0016570494037527958, 0.0, 0.0, 
0.0, 0.1567302659076159, 0.6025137011866363, 0.406102864769425, 0.007306071688917598, 0.0, 0.0, 0.0, 0.13707465072757405, 0.4753813738371326, 0.3151276490318142, 0.0034832104472592106, 0.0, 0.0, 
0.0, 0.1991150630496226, 0.5752704029058423, 0.39416068705911844, 0.011001727144006494, 0.0, 0.0, 0.0, 0.17652235145517767, 0.44989696027507076, 0.2957904459001953, 0.004092926724110496, 0.0, 0.0, 
0.0, 0.26808034036017914, 0.592578203338524, 0.42896798504695327, 0.019452814971174796, 0.0, 0.0, 0.0, 0.2354286453287892, 0.4875286780388388, 0.3308437740222079, 0.008658660704570761, 0.0, 0.0, 
0.0, 0.3282884552055213, 0.5708636153943087, 0.4191511731731788, 0.01538394085225774, 0.0, 0.0, 0.0, 0.2851683595527773, 0.5114593832498139, 0.33190463326949066, 0.013524548362772185, 0.0, 0.0, 
0.0, 0.3882273186266144, 0.5517229106687073, 0.41182955983676206, 0.01745509151864809, 0.0, 0.0, 0.0, 0.3380109356148332, 0.49449446886976567, 0.30843266727857604, 0.013066315552492177, 0.0, 0.0, 
0.005121612332773383, 0.4521440179645173, 0.5564931234472449, 0.42981539174755634, 0.02256293369326946, 0.0, 0.0, 0.009124391983131246, 0.3969458340403672, 0.5153829815272926, 0.3096233916407192, 0.01743869161247584, 0.0, 0.0, 
0.03045362067134553, 0.5319234025094389, 0.5988495621323743, 0.46017989266569354, 0.038699341910452954, 0.0, 0.0, 0.030553502184494347, 0.46810588976034767, 0.5710679206035979, 0.30654851191984245, 0.020088960142058358, 0.0, 0.0, 
0.08909687377943565, 0.5560327369098579, 0.5957627129723772, 0.46350676048021744, 0.060215551414388016, 0.0, 0.0, 0.07433011101370574, 0.5066517056730834, 0.576748136406209, 0.32745585566051777, 0.01880812423940139, 0.0, 0.0, 
0.17109373139275247, 0.5120031488108111, 0.553094895882002, 0.40885058156397736, 0.028964633724517415, 0.0, 0.0, 0.12171149772635573, 0.4839573957931291, 0.5370834432832402, 0.26856016034402025, 0.014549960416983716, 0.0, 0.0, 
0.26805327184416355, 0.5414063123680901, 0.5888024763525898, 0.418195249414405, 0.033171416391474036, 0.0, 0.0, 0.2179359064381043, 0.5557685844767918, 0.5804687427187614, 0.32060737511300497, 0.025704992690545346, 0.0, 0.0, 
0.29789290900145854, 0.5642005418830194, 0.6025860584156503, 0.45635482310647657, 0.0593976734544826, 0.0, 0.0, 0.23589858768131575, 0.5695470027932216, 0.5880739894496847, 0.36015199370829304, 0.030001390662961484, 0.0, 0.0, 
0.30183963780288386, 0.5799275467396462, 0.6257730543768453, 0.48442429187284947, 0.07154900377091085, 0.0, 0.0, 0.23720833592768445, 0.585850161095235, 0.6046246147909475, 0.3818427110527678, 0.043520714198833105, 0.0, 0.0, 
0.28002234501195883, 0.551432811543274, 0.5964723219103356, 0.45379878162819093, 0.05694054618058115, 0.0, 0.0, 0.22070844500780518, 0.5575666387066261, 0.5806234319926612, 0.34991866405487776, 0.026684280425163714, 0.0, 0.0, 
0.2675648543389543, 0.5315234227546644, 0.5837562551663423, 0.4418387308620691, 0.04860924698985464, 0.0, 0.0, 0.20974813309532778, 0.5394954376684027, 0.5721910403614147, 0.3599589254145074, 0.024897336812107936, 0.0, 0.0, 
0.26565834911056824, 0.5282551891043459, 0.5834673160246, 0.4452725681786524, 0.055109497096090886, 0.0, 0.0, 0.2027774741354323, 0.5344886301751433, 0.5702123157929291, 0.3629435140701044, 0.030897426895959798, 0.0, 0.0, 
0.2635280450562243, 0.5258371295822273, 0.5836968939306373, 0.4480468115771736, 0.057726508030377474, 0.0, 0.0, 0.20229842879828755, 0.5360345947274956, 0.5709237369450084, 0.36130827898583806, 0.027205002401721235, 0.0, 0.0, 
0.26576734809758745, 0.5291614256616811, 0.5857039248038046, 0.45224908204192327, 0.05654857054174112, 0.0, 0.0, 0.20884146535122416, 0.5386195636878849, 0.5758306451636553, 0.36954875530983156, 0.03296695554815957, 0.0, 0.0, 
0.25773557324405566, 0.5251024589704381, 0.5860745914168314, 0.45479043721815365, 0.058594412259126226, 0.0, 0.0, 0.20165692983367775, 0.5343664866997961, 0.5739214809677387, 0.3708272277711408, 0.024727842849835105, 0.0, 0.0, 
0.25382519695323913, 0.5194118866311452, 0.5846531260881136, 0.4568029139841284, 0.0632089380040942, 0.0, 0.0, 0.20061459681123028, 0.5295936212001902, 0.5638943412627778, 0.3697186343600946, 0.025030319690456514, 0.0, 0.0, 
0.2555318140677087, 0.5198953545868151, 0.5838314048258768, 0.46320540101124547, 0.05992913038020658, 0.0, 0.0, 0.19670684815862488, 0.5281516207674951, 0.5623203967850539, 0.3688571282788926, 0.02728734190355475, 0.0, 0.0, 
0.2544063205497661, 0.5175325221260754, 0.5822168342674692, 0.46220362434058576, 0.05497276024484921, 0.0, 0.0, 0.1955566505102331, 0.5235459409442901, 0.5616248135376454, 0.36697613981378563, 0.02637974919522044, 0.0, 0.0, 
0.2560472831404491, 0.5287158381129936, 0.5902154073490803, 0.47421642664537056, 0.07799628133295286, 0.0, 0.0, 0.20137820243216106, 0.5318837709263574, 0.5756158070878703, 0.38368105226243937, 0.024963244062603664, 0.0, 0.0, 
0.2578199069949372, 0.5416611526989615, 0.6008795430290339, 0.4870692939981829, 0.08987482174908717, 0.0, 0.0, 0.20512681730468543, 0.5360831420990241, 0.5898412401194102, 0.40394428818530487, 0.03606248098355298, 0.0, 0.0, 
0.24821366530263142, 0.532064064296655, 0.588562001475353, 0.476916135096309, 0.07623647233174116, 0.0, 0.0, 0.20263076536512137, 0.526810328613279, 0.5780671740015999, 0.39800363297140284, 0.043226224895225665, 0.0, 0.0, 
0.2531936328313402, 0.5440526227937801, 0.6007206248763154, 0.5028291364539166, 0.11154670980259235, 0.0, 0.0, 0.2024907271925594, 0.5331140884521244, 0.5923867473914718, 0.4149053787285238, 0.05863294804781488, 0.0, 0.0, 
0.24483234947022076, 0.5551641965046636, 0.6078409955062423, 0.5156142535896409, 0.11016274410794064, 0.0, 0.0, 0.19302145382351205, 0.546253361503842, 0.6067694151001567, 0.420071693754293, 0.054956117111210186, 0.0, 0.0, 
0.23099713344706568, 0.5443229908179673, 0.5950071726659135, 0.5096325274115411, 0.10371873043023844, 0.0, 0.0, 0.17622206686513545, 0.5403090328856285, 0.5970058507672017, 0.4067750284155315, 0.056265368706652524, 0.0, 0.0, 
0.226012711197054, 0.5554953174987729, 0.6014279208546213, 0.5253441659278001, 0.10152307608729993, 0.0, 0.0, 0.18175246618508728, 0.5461067756528749, 0.6164474705124152, 0.41720108529284233, 0.06463805669475432, 0.0, 0.0, 
0.20977660360972428, 0.5437447631918657, 0.5952639888194708, 0.5149319192070487, 0.08173251380018648, 0.0, 0.0, 0.16677033558870455, 0.5344578937958131, 0.6181481230828322, 0.42568026381803326, 0.07202366127561068, 0.0, 0.0, 
0.190773339325536, 0.5209899416495414, 0.5730370300767822, 0.47734834312807234, 0.04863524137810187, 0.0, 0.0, 0.1376063384789996, 0.4951773381836621, 0.5773121918902567, 0.3864863565995869, 0.032297598114459335, 0.0, 0.0, 
0.18418498893019147, 0.5502347247734779, 0.6246027471418507, 0.5352043840200282, 0.11171266941401177, 0.0, 0.0, 0.14617428210713795, 0.5385357017991735, 0.6375569409646046, 0.4516954770175259, 0.08692714127207404, 0.0, 0.0, 
0.17053708082699334, 0.5422642577916119, 0.6264914523978321, 0.5462500792655935, 0.13589590525112033, 0.0, 0.0, 0.1328318465419324, 0.5426369678772339, 0.6560794474671796, 0.4628879058567477, 0.1018165077967961, 0.0, 0.0, 
0.15889861863522334, 0.5453348062046885, 0.6150526757452739, 0.5497677905217646, 0.15225636062900305, 0.0, 0.0, 0.12310575619416239, 0.5297211260203664, 0.655516857818376, 0.4635909100047018, 0.10565730588546354, 0.0, 0.0, 
0.13982133617867162, 0.5577234166060514, 0.6186415852776417, 0.5592670258396883, 0.18778408253391382, 0.0, 0.0, 0.11648503784423483, 0.5327941524044223, 0.6662368311277465, 0.479338315854074, 0.13989151140413264, 0.0, 0.0, 
0.10675639173047172, 0.5561090900065294, 0.63978539635013, 0.5639291238148646, 0.18327929143244226, 0.0, 0.0, 0.09614461403912192, 0.5185590509705426, 0.6872993028256403, 0.5078250122936991, 0.1692339595899782, 0.0, 0.0, 
0.07335111976861908, 0.5526127645434871, 0.637324251937238, 0.5871751067748558, 0.22336838802287634, 0.0, 0.0, 0.07109946964974621, 0.5151201292752563, 0.6985874640413473, 0.5301098719524421, 0.2128200739569611, 0.0, 0.0, 
0.04107026848856696, 0.5006321680879894, 0.556370795388902, 0.5284334059203437, 0.18191958194959237, 0.0, 0.0, 0.03488632279209791, 0.4475165662294238, 0.6134221323440561, 0.45841685660488085, 0.15185712681307842, 0.0, 0.0, 
0.01663157717246204, 0.48758166302495737, 0.5596121616639245, 0.5405689696968164, 0.13867956636930218, 0.0, 0.0, 0.020375263023379612, 0.43213745687263583, 0.626570959287906, 0.48145752071142844, 0.15361088339715367, 0.0, 0.0, 
0.01025976383650454, 0.4846647179851786, 0.5848887323217786, 0.5566960389711194, 0.20744385491008613, 0.0, 0.0, 0.019764003684683642, 0.4462225551911289, 0.6510593895994256, 0.5017476197054244, 0.1930931193361938, 0.0, 0.0, 
0.0075512713908318235, 0.49105621793544896, 0.6189024454227035, 0.6031999652325566, 0.28869987331784375, 0.000986752152984497, 0.0, 0.017215648450877974, 0.4435806253123397, 0.691710877376151, 0.5587249108423612, 0.24249513701498523, 0.0, 0.0, 
0.0009164164596243472, 0.4395808379164222, 0.5532401427565011, 0.538627274644493, 0.27790253547085014, 0.001417072624003187, 0.0, 0.001677273766330106, 0.39459683104795296, 0.6229902223195857, 0.5081472605114087, 0.21556612434806297, 0.0, 0.0, 
0.00024049094395016158, 0.39421635111860004, 0.5278163118864685, 0.5242732416181268, 0.23577174008538157, 0.002025226568515227, 0.0, 0.0002307120978898321, 0.35570882746750127, 0.5889137162777628, 0.49735612831081105, 0.20933693921701216, 0.0, 0.0, 
0.0, 0.39407256445710326, 0.5692145866011816, 0.5579486870416778, 0.33150788384875285, 0.004637428359027021, 0.0, 0.0002219484084862799, 0.3574518856078987, 0.6231623997612512, 0.5272169923754435, 0.2763398392992551, 0.0009487927365400869, 0.0, 
0.0, 0.363080180974665, 0.582743919267993, 0.5780201569491691, 0.35259047457306514, 0.004364781242873191, 0.0, 0.0, 0.3380407274259324, 0.6395783592010212, 0.5568613451393183, 0.2862280889888245, 0.0009662708392786183, 0.0, 
0.0, 0.3397686338468846, 0.5730624432871362, 0.576956937935243, 0.3681895976810821, 0.0065725615249035375, 0.0, 0.0, 0.30573369694081304, 0.6143462477162155, 0.5475457127834523, 0.2832041020518168, 0.0009546904544877187, 0.0, 
0.0, 0.2869504426032127, 0.555364034147549, 0.5447890518817733, 0.32093890732917635, 0.003685819139098922, 0.0, 0.0, 0.2523952126069609, 0.5785629043767652, 0.540715670950775, 0.24228626844595572, 0.0, 0.0, 
0.0, 0.23071309366098391, 0.5322351993105136, 0.5258230102429575, 0.28817706752810435, 0.0013443855065570043, 0.0, 0.0, 0.1903351778151213, 0.5524218029995016, 0.5212076359745821, 0.20873511723184837, 0.0, 0.0, 
0.0, 0.20873074336880637, 0.5360642802285549, 0.5337704355218917, 0.2949666551464411, 0.00045704815191136835, 0.0, 0.0, 0.17545285516112055, 0.5344370171717593, 0.5196026463995121, 0.21979996177952943, 0.0, 0.0, 
0.0, 0.16953122858986536, 0.5338986056395949, 0.5281590428588885, 0.327727047506998, 0.0017916106477302383, 0.0, 0.0, 0.14407937563794715, 0.5353351240156399, 0.5141217601792475, 0.2398642428081955, 0.0, 0.0, 
0.0, 0.16719893316234957, 0.596651014521353, 0.5968858812381677, 0.35717387431265646, 0.0009627066668752347, 0.0, 0.0, 0.15220395972768175, 0.6068794193747252, 0.5766512013817492, 0.29823461170176047, 0.0004657064637481689, 0.0, 
0.0, 0.12626295729139664, 0.5847475984157662, 0.5884149717248851, 0.363487982622902, 0.004322873022900823, 0.0, 0.0, 0.11541693948687774, 0.5844386669821608, 0.5639386319722082, 0.30439626847654633, 0.0004513125063481376, 0.0, 
0.0, 0.10294641773193267, 0.6127584730204473, 0.6197126379533012, 0.3843238284061153, 0.0013750310769284587, 0.0, 0.0, 0.10604272188070175, 0.608188820041538, 0.5828679933152654, 0.3281418481455991, 0.0009302502265096462, 0.0, 
0.0, 0.07566257104820534, 0.5842428931635967, 0.5915420272984236, 0.3590605365532976, 0.0, 0.0, 0.0, 0.0902365844181109, 0.575882033357473, 0.5483497575062599, 0.29342415626396817, 0.0, 0.0, 
0.0, 0.05869112620875008, 0.6050723512226519, 0.6191737061907776, 0.3656275282308229, 0.0, 0.0, 0.0, 0.06562635185847289, 0.5919621016186244, 0.5693411030227744, 0.3283618272625635, 0.0, 0.0, 
0.0, 0.05371932283587741, 0.6133815261226342, 0.6277884530411123, 0.37130078467627187, 0.0, 0.0, 0.0, 0.05554993337366175, 0.5946820173337023, 0.5754021598678492, 0.34332570113356387, 0.0, 0.0, 
0.0, 0.036139834560561676, 0.5809984145109932, 0.6133113300312163, 0.36041950499757647, 0.0, 0.0, 0.0, 0.04693510479734444, 0.5638210146783618, 0.5499790532551915, 0.3292673532156809, 0.0, 0.0, 
0.0, 0.017587116223671845, 0.520619142565347, 0.5739089752647686, 0.32827233399003936, 0.0, 0.0, 0.0, 0.025434197475449095, 0.511338142616273, 0.5013606281595777, 0.2971960963417396, 0.0, 0.0, 
0.0, 0.015647853735761816, 0.5404993985591547, 0.6006098358884132, 0.33576382913869396, 0.0, 0.0, 0.0, 0.015286633658342836, 0.5247511800951123, 0.5156665297008491, 0.30727837427370414, 0.0, 0.0, 
0.0, 0.015088300441881197, 0.5458125101842959, 0.605880344590265, 0.34104237304313995, 0.0, 0.0, 0.0, 0.018982987838785097, 0.5385399036593772, 0.5302489168384013, 0.3018610759234841, 0.0, 0.0, 
0.0, 0.014006618762607087, 0.5268302032921942, 0.5978376251864058, 0.29778364983941014, 0.0, 0.0, 0.0, 0.01943471065872664, 0.5242526070641432, 0.5136961639615967, 0.2737665376808074, 0.0, 0.0, 
0.0, 0.012538474687888726, 0.4968089707725705, 0.574584120432399, 0.2637636594923608, 0.0, 0.0, 0.0, 0.017840885944416525, 0.4678998982307004, 0.4790025839083647, 0.23337006242997305, 0.0, 0.0, 
0.0, 0.012080183496665373, 0.48957486469217526, 0.5607511047073934, 0.2401130458336759, 0.0, 0.0, 0.0, 0.01603965918872262, 0.4496953084718038, 0.42938068670950874, 0.18961844297032798, 0.0, 0.0, 
0.0, 0.012508137710753858, 0.5050277385188654, 0.5752264941105453, 0.23252727755298058, 0.0, 0.0, 0.0, 0.016079721467290402, 0.4780468344011445, 0.45156519798070394, 0.1962145057130573, 0.0, 0.0, 
0.0, 0.012367337223487708, 0.5003242212222544, 0.5640666046830766, 0.2093661921143518, 0.0, 0.0, 0.0, 0.01895637464591988, 0.4693822981780042, 0.4388230627900142, 0.1674330528965871, 0.0, 0.0, 
0.0, 0.014142782356488491, 0.5135633709446282, 0.5539554848115031, 0.17999221139769003, 0.0, 0.0, 0.0, 0.015362609694480287, 0.472736783504045, 0.43364291282319134, 0.14736906073745884, 0.0, 0.0, 
0.0, 0.015235194339094984, 0.5138344142310818, 0.5422852109514461, 0.16491150918432768, 0.0, 0.0, 0.0, 0.011582790036597231, 0.45046836095967513, 0.3763641706735815, 0.11324588691314554, 0.0, 0.0, 
0.0, 0.019373676304096726, 0.5456929771734416, 0.5680764813737493, 0.15107261795316582, 0.0, 0.0, 0.0, 0.014865861555967478, 0.4724372522820546, 0.3793371489761489, 0.10073747078911578, 0.0, 0.0, 
0.0, 0.023085146707131358, 0.6041395872354489, 0.6092501021036407, 0.1307740917329973, 0.0, 0.0, 0.0, 0.02230943699898731, 0.5103802111724254, 0.39500417901067225, 0.08465051984633679, 0.0, 0.0, 
0.0, 0.02054175970878365, 0.5610468287178726, 0.5559356964642881, 0.1109179638979776, 0.0, 0.0, 0.0, 0.016751393095979526, 0.49001144867793694, 0.35694518426840355, 0.06469816022871688, 0.0, 0.0, 
0.0, 0.02349367456424936, 0.5669502038893081, 0.5355675835135372, 0.08763237953897443, 0.0, 0.0, 0.0, 0.021405489459540166, 0.4707652781257704, 0.33666351549013596, 0.045778460043782304, 0.0, 0.0, 
0.0, 0.0228722281272962, 0.5495583979629977, 0.509212478752622, 0.07790149951554806, 0.0, 0.0, 0.0, 0.015775755852258582, 0.4427441161567873, 0.3280176434330621, 0.039370151181167656, 0.0, 0.0, 
0.0, 0.022321923665504107, 0.5476850576199941, 0.49316632078444433, 0.07275335576015385, 0.0, 0.0, 0.0, 0.013847436943764852, 0.414225961303554, 0.2961250655207784, 0.02893858505756211, 0.0, 0.0, 
0.0, 0.023112219805677087, 0.5691106582483357, 0.5076324272105673, 0.05550216706086533, 0.0, 0.0, 0.0, 0.010152430393653775, 0.43061988594050754, 0.32040844095905163, 0.023982144971945032, 0.0, 0.0, 
0.0, 0.020653501444865524, 0.5624044960813098, 0.4838049894772451, 0.04115241514427394, 0.0, 0.0, 0.0, 0.009263024429841222, 0.41614399481272085, 0.30411160213777383, 0.01856246357866041, 0.0, 0.0, 
0.0, 0.02164012404178463, 0.5845676699522053, 0.4944830168860215, 0.03664831212245536, 0.0, 0.0, 0.0, 0.011071784009769233, 0.4363073269092485, 0.3021066997300785, 0.014280635534783885, 0.0, 0.0, 
0.0, 0.022082087507400823, 0.5903878788160989, 0.484355052532771, 0.013884611723936607, 0.0, 0.0, 0.0, 0.010761365955878885, 0.42233620219059276, 0.2760890797784318, 0.00561302250506078, 0.0, 0.0, 
0.0, 0.02420935711229984, 0.5988405247634093, 0.4700521971513647, 0.012175970499984194, 0.0, 0.0, 0.0, 0.011685888279101782, 0.4322653958012142, 0.2826231296377668, 0.005146160465650389, 0.0, 0.0, 
0.0, 0.04247199916512963, 0.5721120599977666, 0.42973597845225114, 0.009264366161701156, 0.0, 0.0, 0.0, 0.012624995551730625, 0.41427597304991715, 0.246470840235024, 0.0025035439806676473, 0.0, 0.0, 
0.0, 0.04984066899702267, 0.5536086064883363, 0.3793448528216985, 0.0008869629125861535, 0.0, 0.0, 0.0, 0.035767828810114706, 0.39691802198869597, 0.24075282098199752, 0.0007874163062939543, 0.0, 0.0, 
0.0, 0.061093281283303165, 0.5491230216166949, 0.3607339436296981, 0.0, 0.0, 0.0, 0.0, 0.05101842361201274, 0.4691945608570234, 0.2908782953463709, 0.0, 0.0, 0.0, 
0.0, 0.06821477866889314, 0.47660852957941413, 0.2728083522596944, 0.0006829325444860378, 0.0, 0.0, 0.0, 0.1088022564298786, 0.5204383355617674, 0.32517810878693054, 0.0, 0.0, 0.0, 
0.0, 0.08081816670430211, 0.46418201749883814, 0.22531135050217171, 0.0, 0.0, 0.0, 0.0, 0.15277670921213138, 0.5679805269828687, 0.3099523603273489, 0.0, 0.0, 0.0, 
0.0, 0.1065085708197975, 0.4659470719608137, 0.20194279909814716, 0.0, 0.0, 0.0, 0.0, 0.18206237212363394, 0.5521819662383647, 0.26444878061163213, 0.0, 0.0, 0.0, 
0.0, 0.12778751687425036, 0.4495443338316888, 0.19421440599873668, 0.0, 0.0, 0.0, 0.0, 0.16790143282115302, 0.45807913183927035, 0.22428258765686288, 0.0, 0.0, 0.0, 
0.0, 0.1799809610359415, 0.5371392928890305, 0.21023857353823788, 0.0, 0.0, 0.0, 0.0, 0.1966804048303369, 0.5118387818357208, 0.22900919135653966, 0.0, 0.0, 0.0, 
0.0, 0.1851067235960731, 0.5531834838966526, 0.21563165544116897, 0.0, 0.0, 0.0, 0.0, 0.1994122087223721, 0.4811494119052121, 0.20665573867614542, 0.0, 0.0, 0.0, 
0.0, 0.20046948598374692, 0.5662716617642236, 0.2142264672963891, 0.0, 0.0, 0.0, 0.0, 0.20461253590943398, 0.4861240009601363, 0.2085400445898856, 0.0, 0.0, 0.0, 
0.0, 0.19758495557402192, 0.5434877175891254, 0.2008750983974195, 0.0, 0.0, 0.0, 0.0, 0.19710528905777408, 0.45095888816004964, 0.18710117004149213, 0.0, 0.0, 0.0, 
0.0, 0.20916360378025387, 0.5481368996126151, 0.19734167068818775, 0.0, 0.0, 0.0, 0.0, 0.20762570354552073, 0.4652332490160913, 0.1801690514837727, 0.0, 0.0, 0.0, 
0.0, 0.21316866996496797, 0.5248892936341532, 0.18188509492987193, 0.0, 0.0, 0.0, 0.0, 0.19743990810281356, 0.4352674567815206, 0.15656731089163442, 0.0, 0.0, 0.0, 
0.0, 0.2249054791898086, 0.5287624217365948, 0.1680731395956912, 0.0, 0.0, 0.0, 0.0, 0.20679427285787286, 0.43253907979891437, 0.14986383594502534, 0.0, 0.0, 0.0, 
0.0, 0.24002038834294162, 0.5418914604547791, 0.1651980060855269, 0.0, 0.0, 0.0, 0.0, 0.22929954662369972, 0.44712450566288137, 0.14876129016796688, 0.0, 0.0, 0.0, 
0.0, 0.2441353015240368, 0.517088879578534, 0.15521970341242156, 0.0, 0.0, 0.0, 0.0, 0.2291078877054785, 0.4404120433022521, 0.14111068012041114, 0.0, 0.0, 0.0, 
